# ****************************************************************************
# CUI
#
# The Advanced Framework for Simulation, Integration, and Modeling (AFSIM)
#
# The use, dissemination or disclosure of data in this file is subject to
# limitation or restriction. See accompanying README and LICENSE for details.
# ****************************************************************************

irregular_table
         independent_variable mach precision float
         independent_variable beta units deg
         dependent_variable precision float
         mach  0.000
            beta     -90.000    -85.000    -80.000    -75.000    -70.000    -65.000    -60.000    -55.000    -50.000    -45.000    -40.000    -35.000    -30.000    -28.000    -26.000    -24.000    -22.000    -20.000    -19.000    -18.000    -17.000    -16.000    -15.000    -14.000    -13.000    -12.000    -11.000    -10.000     -9.000     -8.000     -7.000     -6.000     -5.000     -4.000     -3.000     -2.000     -1.000      0.000      1.000      2.000      3.000      4.000      5.000      6.000      7.000      8.000      9.000     10.000     11.000     12.000     13.000     14.000     15.000     16.000     17.000     18.000     19.000     20.000     22.000     24.000     26.000     28.000     30.000     35.000     40.000     45.000     50.000     55.000     60.000     65.000     70.000     75.000     80.000     85.000     90.000
            values     0.4234     0.4215     0.4160     0.4060     0.3906     0.3698     0.3450     0.3166     0.2849     0.2497     0.2135     0.1763     0.1379     0.1220     0.1068     0.0923     0.0784     0.0656     0.0600     0.0550     0.0500     0.0452     0.0407     0.0280     0.0068     0.0059     0.0051     0.0042     0.0034     0.0027     0.0021     0.0015     0.0011     0.0007     0.0004     0.0002     0.0001     0.0000     0.0001     0.0002     0.0004     0.0007     0.0011     0.0015     0.0021     0.0027     0.0034     0.0042     0.0051     0.0059     0.0068     0.0280     0.0407     0.0452     0.0500     0.0550     0.0600     0.0656     0.0784     0.0923     0.1068     0.1220     0.1379     0.1763     0.2135     0.2497     0.2849     0.3166     0.3450     0.3698     0.3906     0.4060     0.4160     0.4215     0.4234
         mach  0.600
            beta     -90.000    -85.000    -80.000    -75.000    -70.000    -65.000    -60.000    -55.000    -50.000    -45.000    -40.000    -35.000    -30.000    -28.000    -26.000    -24.000    -22.000    -20.000    -19.000    -18.000    -17.000    -16.000    -15.000    -14.000    -13.000    -12.000    -11.000    -10.000     -9.000     -8.000     -7.000     -6.000     -5.000     -4.000     -3.000     -2.000     -1.000      0.000      1.000      2.000      3.000      4.000      5.000      6.000      7.000      8.000      9.000     10.000     11.000     12.000     13.000     14.000     15.000     16.000     17.000     18.000     19.000     20.000     22.000     24.000     26.000     28.000     30.000     35.000     40.000     45.000     50.000     55.000     60.000     65.000     70.000     75.000     80.000     85.000     90.000
            values     0.4208     0.4190     0.4135     0.4037     0.3884     0.3677     0.3431     0.3149     0.2835     0.2484     0.2124     0.1754     0.1372     0.1215     0.1063     0.0919     0.0780     0.0653     0.0597     0.0547     0.0498     0.0451     0.0405     0.0279     0.0067     0.0058     0.0050     0.0041     0.0034     0.0027     0.0020     0.0015     0.0010     0.0007     0.0004     0.0002     0.0001     0.0000     0.0001     0.0002     0.0004     0.0007     0.0010     0.0015     0.0020     0.0027     0.0034     0.0041     0.0050     0.0058     0.0067     0.0279     0.0405     0.0451     0.0498     0.0547     0.0597     0.0653     0.0780     0.0919     0.1063     0.1215     0.1372     0.1754     0.2124     0.2484     0.2835     0.3149     0.3431     0.3677     0.3884     0.4037     0.4135     0.4190     0.4208
         mach  0.700
            beta     -90.000    -85.000    -80.000    -75.000    -70.000    -65.000    -60.000    -55.000    -50.000    -45.000    -40.000    -35.000    -30.000    -28.000    -26.000    -24.000    -22.000    -20.000    -19.000    -18.000    -17.000    -16.000    -15.000    -14.000    -13.000    -12.000    -11.000    -10.000     -9.000     -8.000     -7.000     -6.000     -5.000     -4.000     -3.000     -2.000     -1.000      0.000      1.000      2.000      3.000      4.000      5.000      6.000      7.000      8.000      9.000     10.000     11.000     12.000     13.000     14.000     15.000     16.000     17.000     18.000     19.000     20.000     22.000     24.000     26.000     28.000     30.000     35.000     40.000     45.000     50.000     55.000     60.000     65.000     70.000     75.000     80.000     85.000     90.000
            values     0.4191     0.4173     0.4118     0.4021     0.3869     0.3663     0.3418     0.3138     0.2825     0.2476     0.2117     0.1749     0.1368     0.1211     0.1060     0.0916     0.0778     0.0651     0.0595     0.0546     0.0497     0.0449     0.0404     0.0278     0.0066     0.0058     0.0049     0.0041     0.0033     0.0026     0.0020     0.0015     0.0010     0.0007     0.0004     0.0002     0.0001     0.0000     0.0001     0.0002     0.0004     0.0007     0.0010     0.0015     0.0020     0.0026     0.0033     0.0041     0.0049     0.0058     0.0066     0.0278     0.0404     0.0449     0.0497     0.0546     0.0595     0.0651     0.0778     0.0916     0.1060     0.1211     0.1368     0.1749     0.2117     0.2476     0.2825     0.3138     0.3418     0.3663     0.3869     0.4021     0.4118     0.4173     0.4191
         mach  0.750
            beta     -90.000    -85.000    -80.000    -75.000    -70.000    -65.000    -60.000    -55.000    -50.000    -45.000    -40.000    -35.000    -30.000    -28.000    -26.000    -24.000    -22.000    -20.000    -19.000    -18.000    -17.000    -16.000    -15.000    -14.000    -13.000    -12.000    -11.000    -10.000     -9.000     -8.000     -7.000     -6.000     -5.000     -4.000     -3.000     -2.000     -1.000      0.000      1.000      2.000      3.000      4.000      5.000      6.000      7.000      8.000      9.000     10.000     11.000     12.000     13.000     14.000     15.000     16.000     17.000     18.000     19.000     20.000     22.000     24.000     26.000     28.000     30.000     35.000     40.000     45.000     50.000     55.000     60.000     65.000     70.000     75.000     80.000     85.000     90.000
            values     0.4180     0.4162     0.4107     0.4010     0.3859     0.3654     0.3409     0.3130     0.2818     0.2470     0.2113     0.1745     0.1365     0.1209     0.1058     0.0914     0.0776     0.0650     0.0594     0.0545     0.0496     0.0448     0.0403     0.0277     0.0066     0.0057     0.0049     0.0041     0.0033     0.0026     0.0020     0.0015     0.0010     0.0006     0.0004     0.0002     0.0001     0.0000     0.0001     0.0002     0.0004     0.0006     0.0010     0.0015     0.0020     0.0026     0.0033     0.0041     0.0049     0.0057     0.0066     0.0277     0.0403     0.0448     0.0496     0.0545     0.0594     0.0650     0.0776     0.0914     0.1058     0.1209     0.1365     0.1745     0.2113     0.2470     0.2818     0.3130     0.3409     0.3654     0.3859     0.4010     0.4107     0.4162     0.4180
         mach  0.800
            beta     -90.000    -85.000    -80.000    -75.000    -70.000    -65.000    -60.000    -55.000    -50.000    -45.000    -40.000    -35.000    -30.000    -28.000    -26.000    -24.000    -22.000    -20.000    -19.000    -18.000    -17.000    -16.000    -15.000    -14.000    -13.000    -12.000    -11.000    -10.000     -9.000     -8.000     -7.000     -6.000     -5.000     -4.000     -3.000     -2.000     -1.000      0.000      1.000      2.000      3.000      4.000      5.000      6.000      7.000      8.000      9.000     10.000     11.000     12.000     13.000     14.000     15.000     16.000     17.000     18.000     19.000     20.000     22.000     24.000     26.000     28.000     30.000     35.000     40.000     45.000     50.000     55.000     60.000     65.000     70.000     75.000     80.000     85.000     90.000
            values     0.4165     0.4147     0.4093     0.3997     0.3846     0.3642     0.3398     0.3120     0.2809     0.2463     0.2107     0.1740     0.1362     0.1205     0.1055     0.0912     0.0774     0.0648     0.0592     0.0543     0.0495     0.0447     0.0402     0.0276     0.0065     0.0056     0.0048     0.0040     0.0033     0.0026     0.0020     0.0014     0.0010     0.0006     0.0004     0.0002     0.0001     0.0000     0.0001     0.0002     0.0004     0.0006     0.0010     0.0014     0.0020     0.0026     0.0033     0.0040     0.0048     0.0056     0.0065     0.0276     0.0402     0.0447     0.0495     0.0543     0.0592     0.0648     0.0774     0.0912     0.1055     0.1205     0.1362     0.1740     0.2107     0.2463     0.2809     0.3120     0.3398     0.3642     0.3846     0.3997     0.4093     0.4147     0.4165
         mach  0.820
            beta     -90.000    -85.000    -80.000    -75.000    -70.000    -65.000    -60.000    -55.000    -50.000    -45.000    -40.000    -35.000    -30.000    -28.000    -26.000    -24.000    -22.000    -20.000    -19.000    -18.000    -17.000    -16.000    -15.000    -14.000    -13.000    -12.000    -11.000    -10.000     -9.000     -8.000     -7.000     -6.000     -5.000     -4.000     -3.000     -2.000     -1.000      0.000      1.000      2.000      3.000      4.000      5.000      6.000      7.000      8.000      9.000     10.000     11.000     12.000     13.000     14.000     15.000     16.000     17.000     18.000     19.000     20.000     22.000     24.000     26.000     28.000     30.000     35.000     40.000     45.000     50.000     55.000     60.000     65.000     70.000     75.000     80.000     85.000     90.000
            values     0.4159     0.4141     0.4087     0.3990     0.3840     0.3637     0.3393     0.3116     0.2805     0.2459     0.2104     0.1738     0.1360     0.1204     0.1054     0.0911     0.0773     0.0647     0.0592     0.0543     0.0494     0.0447     0.0402     0.0276     0.0065     0.0056     0.0048     0.0040     0.0032     0.0026     0.0020     0.0014     0.0010     0.0006     0.0004     0.0002     0.0001     0.0000     0.0001     0.0002     0.0004     0.0006     0.0010     0.0014     0.0020     0.0026     0.0032     0.0040     0.0048     0.0056     0.0065     0.0276     0.0402     0.0447     0.0494     0.0543     0.0592     0.0647     0.0773     0.0911     0.1054     0.1204     0.1360     0.1738     0.2104     0.2459     0.2805     0.3116     0.3393     0.3637     0.3840     0.3990     0.4087     0.4141     0.4159
         mach  0.850
            beta     -90.000    -85.000    -80.000    -75.000    -70.000    -65.000    -60.000    -55.000    -50.000    -45.000    -40.000    -35.000    -30.000    -28.000    -26.000    -24.000    -22.000    -20.000    -19.000    -18.000    -17.000    -16.000    -15.000    -14.000    -13.000    -12.000    -11.000    -10.000     -9.000     -8.000     -7.000     -6.000     -5.000     -4.000     -3.000     -2.000     -1.000      0.000      1.000      2.000      3.000      4.000      5.000      6.000      7.000      8.000      9.000     10.000     11.000     12.000     13.000     14.000     15.000     16.000     17.000     18.000     19.000     20.000     22.000     24.000     26.000     28.000     30.000     35.000     40.000     45.000     50.000     55.000     60.000     65.000     70.000     75.000     80.000     85.000     90.000
            values     0.4301     0.4282     0.4225     0.4125     0.3968     0.3757     0.3505     0.3217     0.2896     0.2538     0.2171     0.1794     0.1404     0.1243     0.1088     0.0941     0.0798     0.0668     0.0611     0.0560     0.0510     0.0461     0.0415     0.0285     0.0066     0.0058     0.0049     0.0041     0.0033     0.0026     0.0020     0.0015     0.0010     0.0007     0.0004     0.0002     0.0001     0.0000     0.0001     0.0002     0.0004     0.0007     0.0010     0.0015     0.0020     0.0026     0.0033     0.0041     0.0049     0.0058     0.0066     0.0285     0.0415     0.0461     0.0510     0.0560     0.0611     0.0668     0.0798     0.0941     0.1088     0.1243     0.1404     0.1794     0.2171     0.2538     0.2896     0.3217     0.3505     0.3757     0.3968     0.4125     0.4225     0.4282     0.4301
         mach  0.870
            beta     -90.000    -85.000    -80.000    -75.000    -70.000    -65.000    -60.000    -55.000    -50.000    -45.000    -40.000    -35.000    -30.000    -28.000    -26.000    -24.000    -22.000    -20.000    -19.000    -18.000    -17.000    -16.000    -15.000    -14.000    -13.000    -12.000    -11.000    -10.000     -9.000     -8.000     -7.000     -6.000     -5.000     -4.000     -3.000     -2.000     -1.000      0.000      1.000      2.000      3.000      4.000      5.000      6.000      7.000      8.000      9.000     10.000     11.000     12.000     13.000     14.000     15.000     16.000     17.000     18.000     19.000     20.000     22.000     24.000     26.000     28.000     30.000     35.000     40.000     45.000     50.000     55.000     60.000     65.000     70.000     75.000     80.000     85.000     90.000
            values     0.4467     0.4447     0.4388     0.4282     0.4119     0.3898     0.3635     0.3335     0.3002     0.2630     0.2250     0.1859     0.1456     0.1289     0.1128     0.0975     0.0828     0.0693     0.0634     0.0581     0.0529     0.0478     0.0431     0.0295     0.0068     0.0059     0.0051     0.0042     0.0034     0.0027     0.0021     0.0015     0.0011     0.0007     0.0004     0.0002     0.0001     0.0000     0.0001     0.0002     0.0004     0.0007     0.0011     0.0015     0.0021     0.0027     0.0034     0.0042     0.0051     0.0059     0.0068     0.0295     0.0431     0.0478     0.0529     0.0581     0.0634     0.0693     0.0828     0.0975     0.1128     0.1289     0.1456     0.1859     0.2250     0.2630     0.3002     0.3335     0.3635     0.3898     0.4119     0.4282     0.4388     0.4447     0.4467
         mach  0.900
            beta     -90.000    -85.000    -80.000    -75.000    -70.000    -65.000    -60.000    -55.000    -50.000    -45.000    -40.000    -35.000    -30.000    -28.000    -26.000    -24.000    -22.000    -20.000    -19.000    -18.000    -17.000    -16.000    -15.000    -14.000    -13.000    -12.000    -11.000    -10.000     -9.000     -8.000     -7.000     -6.000     -5.000     -4.000     -3.000     -2.000     -1.000      0.000      1.000      2.000      3.000      4.000      5.000      6.000      7.000      8.000      9.000     10.000     11.000     12.000     13.000     14.000     15.000     16.000     17.000     18.000     19.000     20.000     22.000     24.000     26.000     28.000     30.000     35.000     40.000     45.000     50.000     55.000     60.000     65.000     70.000     75.000     80.000     85.000     90.000
            values     0.5000     0.4977     0.4908     0.4786     0.4600     0.4349     0.4052     0.3714     0.3340     0.2925     0.2501     0.2067     0.1619     0.1434     0.1256     0.1086     0.0922     0.0771     0.0705     0.0647     0.0589     0.0533     0.0479     0.0328     0.0075     0.0065     0.0056     0.0046     0.0038     0.0030     0.0023     0.0017     0.0012     0.0007     0.0004     0.0002     0.0002     0.0000     0.0002     0.0002     0.0004     0.0007     0.0012     0.0017     0.0023     0.0030     0.0038     0.0046     0.0056     0.0065     0.0075     0.0328     0.0479     0.0533     0.0589     0.0647     0.0705     0.0771     0.0922     0.1086     0.1256     0.1434     0.1619     0.2067     0.2501     0.2925     0.3340     0.3714     0.4052     0.4349     0.4600     0.4786     0.4908     0.4977     0.5000
         mach  0.925
            beta     -90.000    -85.000    -80.000    -75.000    -70.000    -65.000    -60.000    -55.000    -50.000    -45.000    -40.000    -35.000    -30.000    -28.000    -26.000    -24.000    -22.000    -20.000    -19.000    -18.000    -17.000    -16.000    -15.000    -14.000    -13.000    -12.000    -11.000    -10.000     -9.000     -8.000     -7.000     -6.000     -5.000     -4.000     -3.000     -2.000     -1.000      0.000      1.000      2.000      3.000      4.000      5.000      6.000      7.000      8.000      9.000     10.000     11.000     12.000     13.000     14.000     15.000     16.000     17.000     18.000     19.000     20.000     22.000     24.000     26.000     28.000     30.000     35.000     40.000     45.000     50.000     55.000     60.000     65.000     70.000     75.000     80.000     85.000     90.000
            values     0.5534     0.5507     0.5428     0.5291     0.5082     0.4801     0.4469     0.4093     0.3678     0.3219     0.2753     0.2275     0.1783     0.1580     0.1384     0.1196     0.1015     0.0850     0.0777     0.0713     0.0649     0.0587     0.0528     0.0361     0.0082     0.0071     0.0061     0.0051     0.0041     0.0032     0.0025     0.0018     0.0013     0.0008     0.0005     0.0002     0.0002     0.0000     0.0002     0.0002     0.0005     0.0008     0.0013     0.0018     0.0025     0.0032     0.0041     0.0051     0.0061     0.0071     0.0082     0.0361     0.0528     0.0587     0.0649     0.0713     0.0777     0.0850     0.1015     0.1196     0.1384     0.1580     0.1783     0.2275     0.2753     0.3219     0.3678     0.4093     0.4469     0.4801     0.5082     0.5291     0.5428     0.5507     0.5534
         mach  0.950
            beta     -90.000    -85.000    -80.000    -75.000    -70.000    -65.000    -60.000    -55.000    -50.000    -45.000    -40.000    -35.000    -30.000    -28.000    -26.000    -24.000    -22.000    -20.000    -19.000    -18.000    -17.000    -16.000    -15.000    -14.000    -13.000    -12.000    -11.000    -10.000     -9.000     -8.000     -7.000     -6.000     -5.000     -4.000     -3.000     -2.000     -1.000      0.000      1.000      2.000      3.000      4.000      5.000      6.000      7.000      8.000      9.000     10.000     11.000     12.000     13.000     14.000     15.000     16.000     17.000     18.000     19.000     20.000     22.000     24.000     26.000     28.000     30.000     35.000     40.000     45.000     50.000     55.000     60.000     65.000     70.000     75.000     80.000     85.000     90.000
            values     0.6066     0.6036     0.5948     0.5795     0.5562     0.5252     0.4886     0.4472     0.4016     0.3513     0.3004     0.2483     0.1947     0.1725     0.1511     0.1307     0.1109     0.0928     0.0849     0.0778     0.0709     0.0641     0.0577     0.0394     0.0089     0.0077     0.0066     0.0055     0.0045     0.0035     0.0027     0.0020     0.0014     0.0009     0.0005     0.0002     0.0002     0.0000     0.0002     0.0002     0.0005     0.0009     0.0014     0.0020     0.0027     0.0035     0.0045     0.0055     0.0066     0.0077     0.0089     0.0394     0.0577     0.0641     0.0709     0.0778     0.0849     0.0928     0.1109     0.1307     0.1511     0.1725     0.1947     0.2483     0.3004     0.3513     0.4016     0.4472     0.4886     0.5252     0.5562     0.5795     0.5948     0.6036     0.6066
         mach  0.975
            beta     -90.000    -85.000    -80.000    -75.000    -70.000    -65.000    -60.000    -55.000    -50.000    -45.000    -40.000    -35.000    -30.000    -28.000    -26.000    -24.000    -22.000    -20.000    -19.000    -18.000    -17.000    -16.000    -15.000    -14.000    -13.000    -12.000    -11.000    -10.000     -9.000     -8.000     -7.000     -6.000     -5.000     -4.000     -3.000     -2.000     -1.000      0.000      1.000      2.000      3.000      4.000      5.000      6.000      7.000      8.000      9.000     10.000     11.000     12.000     13.000     14.000     15.000     16.000     17.000     18.000     19.000     20.000     22.000     24.000     26.000     28.000     30.000     35.000     40.000     45.000     50.000     55.000     60.000     65.000     70.000     75.000     80.000     85.000     90.000
            values     0.6596     0.6563     0.6465     0.6296     0.6041     0.5701     0.5301     0.4849     0.4352     0.3806     0.3254     0.2690     0.2110     0.1870     0.1638     0.1417     0.1202     0.1006     0.0920     0.0844     0.0768     0.0695     0.0625     0.0428     0.0096     0.0083     0.0071     0.0059     0.0048     0.0038     0.0029     0.0021     0.0015     0.0009     0.0005     0.0003     0.0002     0.0000     0.0002     0.0003     0.0005     0.0009     0.0015     0.0021     0.0029     0.0038     0.0048     0.0059     0.0071     0.0083     0.0096     0.0428     0.0625     0.0695     0.0768     0.0844     0.0920     0.1006     0.1202     0.1417     0.1638     0.1870     0.2110     0.2690     0.3254     0.3806     0.4352     0.4849     0.5301     0.5701     0.6041     0.6296     0.6465     0.6563     0.6596
         mach  1.000
            beta     -90.000    -85.000    -80.000    -75.000    -70.000    -65.000    -60.000    -55.000    -50.000    -45.000    -40.000    -35.000    -30.000    -28.000    -26.000    -24.000    -22.000    -20.000    -19.000    -18.000    -17.000    -16.000    -15.000    -14.000    -13.000    -12.000    -11.000    -10.000     -9.000     -8.000     -7.000     -6.000     -5.000     -4.000     -3.000     -2.000     -1.000      0.000      1.000      2.000      3.000      4.000      5.000      6.000      7.000      8.000      9.000     10.000     11.000     12.000     13.000     14.000     15.000     16.000     17.000     18.000     19.000     20.000     22.000     24.000     26.000     28.000     30.000     35.000     40.000     45.000     50.000     55.000     60.000     65.000     70.000     75.000     80.000     85.000     90.000
            values     0.7125     0.7088     0.6980     0.6796     0.6518     0.6149     0.5714     0.5225     0.4687     0.4098     0.3503     0.2897     0.2273     0.2015     0.1765     0.1526     0.1295     0.1084     0.0991     0.0909     0.0828     0.0749     0.0674     0.0460     0.0103     0.0089     0.0076     0.0063     0.0051     0.0041     0.0031     0.0023     0.0016     0.0010     0.0006     0.0003     0.0002     0.0000     0.0002     0.0003     0.0006     0.0010     0.0016     0.0023     0.0031     0.0041     0.0051     0.0063     0.0076     0.0089     0.0103     0.0460     0.0674     0.0749     0.0828     0.0909     0.0991     0.1084     0.1295     0.1526     0.1765     0.2015     0.2273     0.2897     0.3503     0.4098     0.4687     0.5225     0.5714     0.6149     0.6518     0.6796     0.6980     0.7088     0.7125
         mach  1.025
            beta     -90.000    -85.000    -80.000    -75.000    -70.000    -65.000    -60.000    -55.000    -50.000    -45.000    -40.000    -35.000    -30.000    -28.000    -26.000    -24.000    -22.000    -20.000    -19.000    -18.000    -17.000    -16.000    -15.000    -14.000    -13.000    -12.000    -11.000    -10.000     -9.000     -8.000     -7.000     -6.000     -5.000     -4.000     -3.000     -2.000     -1.000      0.000      1.000      2.000      3.000      4.000      5.000      6.000      7.000      8.000      9.000     10.000     11.000     12.000     13.000     14.000     15.000     16.000     17.000     18.000     19.000     20.000     22.000     24.000     26.000     28.000     30.000     35.000     40.000     45.000     50.000     55.000     60.000     65.000     70.000     75.000     80.000     85.000     90.000
            values     0.7653     0.7612     0.7496     0.7296     0.6995     0.6596     0.6127     0.5600     0.5022     0.4390     0.3752     0.3103     0.2435     0.2159     0.1892     0.1636     0.1388     0.1162     0.1062     0.0975     0.0887     0.0803     0.0722     0.0493     0.0109     0.0095     0.0081     0.0068     0.0055     0.0043     0.0033     0.0024     0.0017     0.0011     0.0006     0.0003     0.0002     0.0000     0.0002     0.0003     0.0006     0.0011     0.0017     0.0024     0.0033     0.0043     0.0055     0.0068     0.0081     0.0095     0.0109     0.0493     0.0722     0.0803     0.0887     0.0975     0.1062     0.1162     0.1388     0.1636     0.1892     0.2159     0.2435     0.3103     0.3752     0.4390     0.5022     0.5600     0.6127     0.6596     0.6995     0.7296     0.7496     0.7612     0.7653
         mach  1.050
            beta     -90.000    -85.000    -80.000    -75.000    -70.000    -65.000    -60.000    -55.000    -50.000    -45.000    -40.000    -35.000    -30.000    -28.000    -26.000    -24.000    -22.000    -20.000    -19.000    -18.000    -17.000    -16.000    -15.000    -14.000    -13.000    -12.000    -11.000    -10.000     -9.000     -8.000     -7.000     -6.000     -5.000     -4.000     -3.000     -2.000     -1.000      0.000      1.000      2.000      3.000      4.000      5.000      6.000      7.000      8.000      9.000     10.000     11.000     12.000     13.000     14.000     15.000     16.000     17.000     18.000     19.000     20.000     22.000     24.000     26.000     28.000     30.000     35.000     40.000     45.000     50.000     55.000     60.000     65.000     70.000     75.000     80.000     85.000     90.000
            values     0.8184     0.8141     0.8014     0.7799     0.7475     0.7046     0.6543     0.5978     0.5360     0.4684     0.4003     0.3310     0.2599     0.2305     0.2020     0.1746     0.1482     0.1240     0.1134     0.1040     0.0947     0.0857     0.0771     0.0526     0.0116     0.0101     0.0086     0.0072     0.0058     0.0046     0.0035     0.0026     0.0018     0.0011     0.0006     0.0003     0.0003     0.0000     0.0003     0.0003     0.0006     0.0011     0.0018     0.0026     0.0035     0.0046     0.0058     0.0072     0.0086     0.0101     0.0116     0.0526     0.0771     0.0857     0.0947     0.1040     0.1134     0.1240     0.1482     0.1746     0.2020     0.2305     0.2599     0.3310     0.4003     0.4684     0.5360     0.5978     0.6543     0.7046     0.7475     0.7799     0.8014     0.8141     0.8184
         mach  1.075
            beta     -90.000    -85.000    -80.000    -75.000    -70.000    -65.000    -60.000    -55.000    -50.000    -45.000    -40.000    -35.000    -30.000    -28.000    -26.000    -24.000    -22.000    -20.000    -19.000    -18.000    -17.000    -16.000    -15.000    -14.000    -13.000    -12.000    -11.000    -10.000     -9.000     -8.000     -7.000     -6.000     -5.000     -4.000     -3.000     -2.000     -1.000      0.000      1.000      2.000      3.000      4.000      5.000      6.000      7.000      8.000      9.000     10.000     11.000     12.000     13.000     14.000     15.000     16.000     17.000     18.000     19.000     20.000     22.000     24.000     26.000     28.000     30.000     35.000     40.000     45.000     50.000     55.000     60.000     65.000     70.000     75.000     80.000     85.000     90.000
            values     0.8555     0.8509     0.8376     0.8149     0.7809     0.7360     0.6833     0.6241     0.5595     0.4889     0.4177     0.3455     0.2713     0.2406     0.2109     0.1823     0.1547     0.1295     0.1184     0.1086     0.0989     0.0894     0.0805     0.0549     0.0121     0.0105     0.0090     0.0075     0.0061     0.0048     0.0037     0.0027     0.0019     0.0012     0.0007     0.0003     0.0003     0.0000     0.0003     0.0003     0.0007     0.0012     0.0019     0.0027     0.0037     0.0048     0.0061     0.0075     0.0090     0.0105     0.0121     0.0549     0.0805     0.0894     0.0989     0.1086     0.1184     0.1295     0.1547     0.1823     0.2109     0.2406     0.2713     0.3455     0.4177     0.4889     0.5595     0.6241     0.6833     0.7360     0.7809     0.8149     0.8376     0.8509     0.8555
         mach  1.100
            beta     -90.000    -85.000    -80.000    -75.000    -70.000    -65.000    -60.000    -55.000    -50.000    -45.000    -40.000    -35.000    -30.000    -28.000    -26.000    -24.000    -22.000    -20.000    -19.000    -18.000    -17.000    -16.000    -15.000    -14.000    -13.000    -12.000    -11.000    -10.000     -9.000     -8.000     -7.000     -6.000     -5.000     -4.000     -3.000     -2.000     -1.000      0.000      1.000      2.000      3.000      4.000      5.000      6.000      7.000      8.000      9.000     10.000     11.000     12.000     13.000     14.000     15.000     16.000     17.000     18.000     19.000     20.000     22.000     24.000     26.000     28.000     30.000     35.000     40.000     45.000     50.000     55.000     60.000     65.000     70.000     75.000     80.000     85.000     90.000
            values     0.8687     0.8640     0.8505     0.8274     0.7929     0.7472     0.6937     0.6336     0.5679     0.4962     0.4240     0.3507     0.2754     0.2442     0.2141     0.1851     0.1571     0.1315     0.1202     0.1103     0.1004     0.0908     0.0817     0.0558     0.0123     0.0107     0.0091     0.0076     0.0061     0.0048     0.0037     0.0027     0.0019     0.0012     0.0007     0.0003     0.0003     0.0000     0.0003     0.0003     0.0007     0.0012     0.0019     0.0027     0.0037     0.0048     0.0061     0.0076     0.0091     0.0107     0.0123     0.0558     0.0817     0.0908     0.1004     0.1103     0.1202     0.1315     0.1571     0.1851     0.2141     0.2442     0.2754     0.3507     0.4240     0.4962     0.5679     0.6336     0.6937     0.7472     0.7929     0.8274     0.8505     0.8640     0.8687
         mach  1.150
            beta     -90.000    -85.000    -80.000    -75.000    -70.000    -65.000    -60.000    -55.000    -50.000    -45.000    -40.000    -35.000    -30.000    -28.000    -26.000    -24.000    -22.000    -20.000    -19.000    -18.000    -17.000    -16.000    -15.000    -14.000    -13.000    -12.000    -11.000    -10.000     -9.000     -8.000     -7.000     -6.000     -5.000     -4.000     -3.000     -2.000     -1.000      0.000      1.000      2.000      3.000      4.000      5.000      6.000      7.000      8.000      9.000     10.000     11.000     12.000     13.000     14.000     15.000     16.000     17.000     18.000     19.000     20.000     22.000     24.000     26.000     28.000     30.000     35.000     40.000     45.000     50.000     55.000     60.000     65.000     70.000     75.000     80.000     85.000     90.000
            values     0.8412     0.8367     0.8236     0.8014     0.7681     0.7240     0.6722     0.6141     0.5505     0.4811     0.4112     0.3401     0.2670     0.2368     0.2075     0.1794     0.1523     0.1275     0.1165     0.1069     0.0973     0.0881     0.0793     0.0541     0.0118     0.0103     0.0088     0.0073     0.0059     0.0047     0.0036     0.0026     0.0018     0.0012     0.0007     0.0003     0.0003     0.0000     0.0003     0.0003     0.0007     0.0012     0.0018     0.0026     0.0036     0.0047     0.0059     0.0073     0.0088     0.0103     0.0118     0.0541     0.0793     0.0881     0.0973     0.1069     0.1165     0.1275     0.1523     0.1794     0.2075     0.2368     0.2670     0.3401     0.4112     0.4811     0.5505     0.6141     0.6722     0.7240     0.7681     0.8014     0.8236     0.8367     0.8412
         mach  1.200
            beta     -90.000    -85.000    -80.000    -75.000    -70.000    -65.000    -60.000    -55.000    -50.000    -45.000    -40.000    -35.000    -30.000    -28.000    -26.000    -24.000    -22.000    -20.000    -19.000    -18.000    -17.000    -16.000    -15.000    -14.000    -13.000    -12.000    -11.000    -10.000     -9.000     -8.000     -7.000     -6.000     -5.000     -4.000     -3.000     -2.000     -1.000      0.000      1.000      2.000      3.000      4.000      5.000      6.000      7.000      8.000      9.000     10.000     11.000     12.000     13.000     14.000     15.000     16.000     17.000     18.000     19.000     20.000     22.000     24.000     26.000     28.000     30.000     35.000     40.000     45.000     50.000     55.000     60.000     65.000     70.000     75.000     80.000     85.000     90.000
            values     0.8361     0.8317     0.8187     0.7967     0.7636     0.7197     0.6683     0.6105     0.5474     0.4784     0.4088     0.3382     0.2655     0.2355     0.2064     0.1784     0.1514     0.1267     0.1159     0.1063     0.0968     0.0876     0.0788     0.0538     0.0117     0.0102     0.0087     0.0073     0.0059     0.0046     0.0035     0.0026     0.0018     0.0012     0.0006     0.0003     0.0003     0.0000     0.0003     0.0003     0.0006     0.0012     0.0018     0.0026     0.0035     0.0046     0.0059     0.0073     0.0087     0.0102     0.0117     0.0538     0.0788     0.0876     0.0968     0.1063     0.1159     0.1267     0.1514     0.1784     0.2064     0.2355     0.2655     0.3382     0.4088     0.4784     0.5474     0.6105     0.6683     0.7197     0.7636     0.7967     0.8187     0.8317     0.8361
         mach  1.250
            beta     -90.000    -85.000    -80.000    -75.000    -70.000    -65.000    -60.000    -55.000    -50.000    -45.000    -40.000    -35.000    -30.000    -28.000    -26.000    -24.000    -22.000    -20.000    -19.000    -18.000    -17.000    -16.000    -15.000    -14.000    -13.000    -12.000    -11.000    -10.000     -9.000     -8.000     -7.000     -6.000     -5.000     -4.000     -3.000     -2.000     -1.000      0.000      1.000      2.000      3.000      4.000      5.000      6.000      7.000      8.000      9.000     10.000     11.000     12.000     13.000     14.000     15.000     16.000     17.000     18.000     19.000     20.000     22.000     24.000     26.000     28.000     30.000     35.000     40.000     45.000     50.000     55.000     60.000     65.000     70.000     75.000     80.000     85.000     90.000
            values     0.8359     0.8315     0.8185     0.7965     0.7634     0.7196     0.6681     0.6104     0.5473     0.4783     0.4088     0.3381     0.2655     0.2354     0.2063     0.1784     0.1514     0.1267     0.1159     0.1063     0.0968     0.0875     0.0788     0.0537     0.0117     0.0102     0.0087     0.0072     0.0059     0.0046     0.0035     0.0026     0.0018     0.0012     0.0006     0.0003     0.0003     0.0000     0.0003     0.0003     0.0006     0.0012     0.0018     0.0026     0.0035     0.0046     0.0059     0.0072     0.0087     0.0102     0.0117     0.0537     0.0788     0.0875     0.0968     0.1063     0.1159     0.1267     0.1514     0.1784     0.2063     0.2354     0.2655     0.3381     0.4088     0.4783     0.5473     0.6104     0.6681     0.7196     0.7634     0.7965     0.8185     0.8315     0.8359
         mach  1.300
            beta     -90.000    -85.000    -80.000    -75.000    -70.000    -65.000    -60.000    -55.000    -50.000    -45.000    -40.000    -35.000    -30.000    -28.000    -26.000    -24.000    -22.000    -20.000    -19.000    -18.000    -17.000    -16.000    -15.000    -14.000    -13.000    -12.000    -11.000    -10.000     -9.000     -8.000     -7.000     -6.000     -5.000     -4.000     -3.000     -2.000     -1.000      0.000      1.000      2.000      3.000      4.000      5.000      6.000      7.000      8.000      9.000     10.000     11.000     12.000     13.000     14.000     15.000     16.000     17.000     18.000     19.000     20.000     22.000     24.000     26.000     28.000     30.000     35.000     40.000     45.000     50.000     55.000     60.000     65.000     70.000     75.000     80.000     85.000     90.000
            values     0.8361     0.8316     0.8187     0.7966     0.7635     0.7197     0.6682     0.6105     0.5474     0.4783     0.4088     0.3382     0.2655     0.2355     0.2064     0.1784     0.1514     0.1267     0.1159     0.1063     0.0968     0.0876     0.0788     0.0538     0.0117     0.0102     0.0087     0.0073     0.0059     0.0046     0.0035     0.0026     0.0018     0.0012     0.0006     0.0003     0.0003     0.0000     0.0003     0.0003     0.0006     0.0012     0.0018     0.0026     0.0035     0.0046     0.0059     0.0073     0.0087     0.0102     0.0117     0.0538     0.0788     0.0876     0.0968     0.1063     0.1159     0.1267     0.1514     0.1784     0.2064     0.2355     0.2655     0.3382     0.4088     0.4783     0.5474     0.6105     0.6682     0.7197     0.7635     0.7966     0.8187     0.8316     0.8361
         mach  1.400
            beta     -90.000    -85.000    -80.000    -75.000    -70.000    -65.000    -60.000    -55.000    -50.000    -45.000    -40.000    -35.000    -30.000    -28.000    -26.000    -24.000    -22.000    -20.000    -19.000    -18.000    -17.000    -16.000    -15.000    -14.000    -13.000    -12.000    -11.000    -10.000     -9.000     -8.000     -7.000     -6.000     -5.000     -4.000     -3.000     -2.000     -1.000      0.000      1.000      2.000      3.000      4.000      5.000      6.000      7.000      8.000      9.000     10.000     11.000     12.000     13.000     14.000     15.000     16.000     17.000     18.000     19.000     20.000     22.000     24.000     26.000     28.000     30.000     35.000     40.000     45.000     50.000     55.000     60.000     65.000     70.000     75.000     80.000     85.000     90.000
            values     0.8370     0.8325     0.8195     0.7975     0.7643     0.7204     0.6689     0.6111     0.5479     0.4788     0.4092     0.3385     0.2658     0.2357     0.2065     0.1786     0.1515     0.1268     0.1160     0.1064     0.0969     0.0876     0.0789     0.0538     0.0118     0.0102     0.0087     0.0073     0.0059     0.0047     0.0036     0.0026     0.0018     0.0012     0.0007     0.0003     0.0003     0.0000     0.0003     0.0003     0.0007     0.0012     0.0018     0.0026     0.0036     0.0047     0.0059     0.0073     0.0087     0.0102     0.0118     0.0538     0.0789     0.0876     0.0969     0.1064     0.1160     0.1268     0.1515     0.1786     0.2065     0.2357     0.2658     0.3385     0.4092     0.4788     0.5479     0.6111     0.6689     0.7204     0.7643     0.7975     0.8195     0.8325     0.8370
         mach  1.500
            beta     -90.000    -85.000    -80.000    -75.000    -70.000    -65.000    -60.000    -55.000    -50.000    -45.000    -40.000    -35.000    -30.000    -28.000    -26.000    -24.000    -22.000    -20.000    -19.000    -18.000    -17.000    -16.000    -15.000    -14.000    -13.000    -12.000    -11.000    -10.000     -9.000     -8.000     -7.000     -6.000     -5.000     -4.000     -3.000     -2.000     -1.000      0.000      1.000      2.000      3.000      4.000      5.000      6.000      7.000      8.000      9.000     10.000     11.000     12.000     13.000     14.000     15.000     16.000     17.000     18.000     19.000     20.000     22.000     24.000     26.000     28.000     30.000     35.000     40.000     45.000     50.000     55.000     60.000     65.000     70.000     75.000     80.000     85.000     90.000
            values     0.8383     0.8338     0.8208     0.7987     0.7654     0.7215     0.6699     0.6120     0.5486     0.4794     0.4097     0.3389     0.2661     0.2360     0.2068     0.1788     0.1517     0.1270     0.1161     0.1065     0.0970     0.0877     0.0790     0.0539     0.0118     0.0103     0.0088     0.0073     0.0059     0.0047     0.0036     0.0026     0.0018     0.0012     0.0007     0.0003     0.0003     0.0000     0.0003     0.0003     0.0007     0.0012     0.0018     0.0026     0.0036     0.0047     0.0059     0.0073     0.0088     0.0103     0.0118     0.0539     0.0790     0.0877     0.0970     0.1065     0.1161     0.1270     0.1517     0.1788     0.2068     0.2360     0.2661     0.3389     0.4097     0.4794     0.5486     0.6120     0.6699     0.7215     0.7654     0.7987     0.8208     0.8338     0.8383
         mach  1.600
            beta     -90.000    -85.000    -80.000    -75.000    -70.000    -65.000    -60.000    -55.000    -50.000    -45.000    -40.000    -35.000    -30.000    -28.000    -26.000    -24.000    -22.000    -20.000    -19.000    -18.000    -17.000    -16.000    -15.000    -14.000    -13.000    -12.000    -11.000    -10.000     -9.000     -8.000     -7.000     -6.000     -5.000     -4.000     -3.000     -2.000     -1.000      0.000      1.000      2.000      3.000      4.000      5.000      6.000      7.000      8.000      9.000     10.000     11.000     12.000     13.000     14.000     15.000     16.000     17.000     18.000     19.000     20.000     22.000     24.000     26.000     28.000     30.000     35.000     40.000     45.000     50.000     55.000     60.000     65.000     70.000     75.000     80.000     85.000     90.000
            values     0.8397     0.8352     0.8222     0.8000     0.7667     0.7226     0.6709     0.6129     0.5495     0.4801     0.4103     0.3393     0.2664     0.2363     0.2071     0.1790     0.1519     0.1272     0.1163     0.1067     0.0971     0.0878     0.0791     0.0540     0.0119     0.0104     0.0088     0.0074     0.0060     0.0047     0.0036     0.0026     0.0018     0.0012     0.0007     0.0003     0.0003     0.0000     0.0003     0.0003     0.0007     0.0012     0.0018     0.0026     0.0036     0.0047     0.0060     0.0074     0.0088     0.0104     0.0119     0.0540     0.0791     0.0878     0.0971     0.1067     0.1163     0.1272     0.1519     0.1790     0.2071     0.2363     0.2664     0.3393     0.4103     0.4801     0.5495     0.6129     0.6709     0.7226     0.7667     0.8000     0.8222     0.8352     0.8397
         mach  1.800
            beta     -90.000    -85.000    -80.000    -75.000    -70.000    -65.000    -60.000    -55.000    -50.000    -45.000    -40.000    -35.000    -30.000    -28.000    -26.000    -24.000    -22.000    -20.000    -19.000    -18.000    -17.000    -16.000    -15.000    -14.000    -13.000    -12.000    -11.000    -10.000     -9.000     -8.000     -7.000     -6.000     -5.000     -4.000     -3.000     -2.000     -1.000      0.000      1.000      2.000      3.000      4.000      5.000      6.000      7.000      8.000      9.000     10.000     11.000     12.000     13.000     14.000     15.000     16.000     17.000     18.000     19.000     20.000     22.000     24.000     26.000     28.000     30.000     35.000     40.000     45.000     50.000     55.000     60.000     65.000     70.000     75.000     80.000     85.000     90.000
            values     0.8423     0.8378     0.8248     0.8025     0.7691     0.7248     0.6729     0.6147     0.5510     0.4815     0.4114     0.3402     0.2671     0.2369     0.2076     0.1795     0.1523     0.1275     0.1165     0.1069     0.0973     0.0880     0.0792     0.0541     0.0120     0.0105     0.0089     0.0074     0.0060     0.0048     0.0036     0.0027     0.0019     0.0012     0.0007     0.0003     0.0003     0.0000     0.0003     0.0003     0.0007     0.0012     0.0019     0.0027     0.0036     0.0048     0.0060     0.0074     0.0089     0.0105     0.0120     0.0541     0.0792     0.0880     0.0973     0.1069     0.1165     0.1275     0.1523     0.1795     0.2076     0.2369     0.2671     0.3402     0.4114     0.4815     0.5510     0.6147     0.6729     0.7248     0.7691     0.8025     0.8248     0.8378     0.8423
         mach  2.000
            beta     -90.000    -85.000    -80.000    -75.000    -70.000    -65.000    -60.000    -55.000    -50.000    -45.000    -40.000    -35.000    -30.000    -28.000    -26.000    -24.000    -22.000    -20.000    -19.000    -18.000    -17.000    -16.000    -15.000    -14.000    -13.000    -12.000    -11.000    -10.000     -9.000     -8.000     -7.000     -6.000     -5.000     -4.000     -3.000     -2.000     -1.000      0.000      1.000      2.000      3.000      4.000      5.000      6.000      7.000      8.000      9.000     10.000     11.000     12.000     13.000     14.000     15.000     16.000     17.000     18.000     19.000     20.000     22.000     24.000     26.000     28.000     30.000     35.000     40.000     45.000     50.000     55.000     60.000     65.000     70.000     75.000     80.000     85.000     90.000
            values     0.8446     0.8401     0.8269     0.8046     0.7710     0.7267     0.6746     0.6162     0.5523     0.4826     0.4123     0.3410     0.2677     0.2373     0.2080     0.1798     0.1526     0.1277     0.1168     0.1071     0.0975     0.0882     0.0794     0.0543     0.0122     0.0106     0.0090     0.0075     0.0061     0.0048     0.0037     0.0027     0.0019     0.0012     0.0007     0.0003     0.0003     0.0000     0.0003     0.0003     0.0007     0.0012     0.0019     0.0027     0.0037     0.0048     0.0061     0.0075     0.0090     0.0106     0.0122     0.0543     0.0794     0.0882     0.0975     0.1071     0.1168     0.1277     0.1526     0.1798     0.2080     0.2373     0.2677     0.3410     0.4123     0.4826     0.5523     0.6162     0.6746     0.7267     0.7710     0.8046     0.8269     0.8401     0.8446
         mach  2.200
            beta     -90.000    -85.000    -80.000    -75.000    -70.000    -65.000    -60.000    -55.000    -50.000    -45.000    -40.000    -35.000    -30.000    -28.000    -26.000    -24.000    -22.000    -20.000    -19.000    -18.000    -17.000    -16.000    -15.000    -14.000    -13.000    -12.000    -11.000    -10.000     -9.000     -8.000     -7.000     -6.000     -5.000     -4.000     -3.000     -2.000     -1.000      0.000      1.000      2.000      3.000      4.000      5.000      6.000      7.000      8.000      9.000     10.000     11.000     12.000     13.000     14.000     15.000     16.000     17.000     18.000     19.000     20.000     22.000     24.000     26.000     28.000     30.000     35.000     40.000     45.000     50.000     55.000     60.000     65.000     70.000     75.000     80.000     85.000     90.000
            values     0.8464     0.8418     0.8287     0.8062     0.7726     0.7282     0.6760     0.6174     0.5534     0.4835     0.4131     0.3415     0.2681     0.2377     0.2083     0.1801     0.1529     0.1279     0.1170     0.1073     0.0977     0.0883     0.0795     0.0544     0.0122     0.0106     0.0091     0.0076     0.0061     0.0048     0.0037     0.0027     0.0019     0.0012     0.0007     0.0003     0.0003     0.0000     0.0003     0.0003     0.0007     0.0012     0.0019     0.0027     0.0037     0.0048     0.0061     0.0076     0.0091     0.0106     0.0122     0.0544     0.0795     0.0883     0.0977     0.1073     0.1170     0.1279     0.1529     0.1801     0.2083     0.2377     0.2681     0.3415     0.4131     0.4835     0.5534     0.6174     0.6760     0.7282     0.7726     0.8062     0.8287     0.8418     0.8464
         mach  2.500
            beta     -90.000    -85.000    -80.000    -75.000    -70.000    -65.000    -60.000    -55.000    -50.000    -45.000    -40.000    -35.000    -30.000    -28.000    -26.000    -24.000    -22.000    -20.000    -19.000    -18.000    -17.000    -16.000    -15.000    -14.000    -13.000    -12.000    -11.000    -10.000     -9.000     -8.000     -7.000     -6.000     -5.000     -4.000     -3.000     -2.000     -1.000      0.000      1.000      2.000      3.000      4.000      5.000      6.000      7.000      8.000      9.000     10.000     11.000     12.000     13.000     14.000     15.000     16.000     17.000     18.000     19.000     20.000     22.000     24.000     26.000     28.000     30.000     35.000     40.000     45.000     50.000     55.000     60.000     65.000     70.000     75.000     80.000     85.000     90.000
            values     0.8484     0.8439     0.8307     0.8081     0.7744     0.7298     0.6775     0.6188     0.5546     0.4845     0.4139     0.3422     0.2686     0.2382     0.2087     0.1805     0.1532     0.1282     0.1172     0.1075     0.0978     0.0885     0.0796     0.0545     0.0123     0.0107     0.0091     0.0076     0.0062     0.0049     0.0037     0.0027     0.0019     0.0012     0.0007     0.0003     0.0003     0.0000     0.0003     0.0003     0.0007     0.0012     0.0019     0.0027     0.0037     0.0049     0.0062     0.0076     0.0091     0.0107     0.0123     0.0545     0.0796     0.0885     0.0978     0.1075     0.1172     0.1282     0.1532     0.1805     0.2087     0.2382     0.2686     0.3422     0.4139     0.4845     0.5546     0.6188     0.6775     0.7298     0.7744     0.8081     0.8307     0.8439     0.8484
         mach  3.000
            beta     -90.000    -85.000    -80.000    -75.000    -70.000    -65.000    -60.000    -55.000    -50.000    -45.000    -40.000    -35.000    -30.000    -28.000    -26.000    -24.000    -22.000    -20.000    -19.000    -18.000    -17.000    -16.000    -15.000    -14.000    -13.000    -12.000    -11.000    -10.000     -9.000     -8.000     -7.000     -6.000     -5.000     -4.000     -3.000     -2.000     -1.000      0.000      1.000      2.000      3.000      4.000      5.000      6.000      7.000      8.000      9.000     10.000     11.000     12.000     13.000     14.000     15.000     16.000     17.000     18.000     19.000     20.000     22.000     24.000     26.000     28.000     30.000     35.000     40.000     45.000     50.000     55.000     60.000     65.000     70.000     75.000     80.000     85.000     90.000
            values     0.8507     0.8461     0.8329     0.8103     0.7764     0.7317     0.6792     0.6203     0.5559     0.4856     0.4149     0.3430     0.2692     0.2387     0.2092     0.1808     0.1535     0.1285     0.1174     0.1077     0.0980     0.0887     0.0798     0.0546     0.0125     0.0108     0.0092     0.0077     0.0062     0.0049     0.0038     0.0028     0.0019     0.0012     0.0007     0.0003     0.0003     0.0000     0.0003     0.0003     0.0007     0.0012     0.0019     0.0028     0.0038     0.0049     0.0062     0.0077     0.0092     0.0108     0.0125     0.0546     0.0798     0.0887     0.0980     0.1077     0.1174     0.1285     0.1535     0.1808     0.2092     0.2387     0.2692     0.3430     0.4149     0.4856     0.5559     0.6203     0.6792     0.7317     0.7764     0.8103     0.8329     0.8461     0.8507
         mach  4.000
            beta     -90.000    -85.000    -80.000    -75.000    -70.000    -65.000    -60.000    -55.000    -50.000    -45.000    -40.000    -35.000    -30.000    -28.000    -26.000    -24.000    -22.000    -20.000    -19.000    -18.000    -17.000    -16.000    -15.000    -14.000    -13.000    -12.000    -11.000    -10.000     -9.000     -8.000     -7.000     -6.000     -5.000     -4.000     -3.000     -2.000     -1.000      0.000      1.000      2.000      3.000      4.000      5.000      6.000      7.000      8.000      9.000     10.000     11.000     12.000     13.000     14.000     15.000     16.000     17.000     18.000     19.000     20.000     22.000     24.000     26.000     28.000     30.000     35.000     40.000     45.000     50.000     55.000     60.000     65.000     70.000     75.000     80.000     85.000     90.000
            values     0.8532     0.8487     0.8353     0.8126     0.7787     0.7338     0.6811     0.6220     0.5574     0.4869     0.4159     0.3438     0.2698     0.2393     0.2097     0.1813     0.1538     0.1288     0.1177     0.1080     0.0983     0.0889     0.0800     0.0548     0.0126     0.0109     0.0093     0.0078     0.0063     0.0050     0.0038     0.0028     0.0019     0.0012     0.0007     0.0003     0.0003     0.0000     0.0003     0.0003     0.0007     0.0012     0.0019     0.0028     0.0038     0.0050     0.0063     0.0078     0.0093     0.0109     0.0126     0.0548     0.0800     0.0889     0.0983     0.1080     0.1177     0.1288     0.1538     0.1813     0.2097     0.2393     0.2698     0.3438     0.4159     0.4869     0.5574     0.6220     0.6811     0.7338     0.7787     0.8126     0.8353     0.8487     0.8532
         mach  5.000
            beta     -90.000    -85.000    -80.000    -75.000    -70.000    -65.000    -60.000    -55.000    -50.000    -45.000    -40.000    -35.000    -30.000    -28.000    -26.000    -24.000    -22.000    -20.000    -19.000    -18.000    -17.000    -16.000    -15.000    -14.000    -13.000    -12.000    -11.000    -10.000     -9.000     -8.000     -7.000     -6.000     -5.000     -4.000     -3.000     -2.000     -1.000      0.000      1.000      2.000      3.000      4.000      5.000      6.000      7.000      8.000      9.000     10.000     11.000     12.000     13.000     14.000     15.000     16.000     17.000     18.000     19.000     20.000     22.000     24.000     26.000     28.000     30.000     35.000     40.000     45.000     50.000     55.000     60.000     65.000     70.000     75.000     80.000     85.000     90.000
            values     0.8546     0.8500     0.8367     0.8139     0.7799     0.7349     0.6822     0.6230     0.5582     0.4876     0.4165     0.3443     0.2702     0.2396     0.2099     0.1815     0.1540     0.1289     0.1178     0.1081     0.0984     0.0890     0.0801     0.0548     0.0127     0.0110     0.0094     0.0078     0.0063     0.0050     0.0038     0.0028     0.0019     0.0012     0.0007     0.0003     0.0003     0.0000     0.0003     0.0003     0.0007     0.0012     0.0019     0.0028     0.0038     0.0050     0.0063     0.0078     0.0094     0.0110     0.0127     0.0548     0.0801     0.0890     0.0984     0.1081     0.1178     0.1289     0.1540     0.1815     0.2099     0.2396     0.2702     0.3443     0.4165     0.4876     0.5582     0.6230     0.6822     0.7349     0.7799     0.8139     0.8367     0.8500     0.8546
         mach  6.000
            beta     -90.000    -85.000    -80.000    -75.000    -70.000    -65.000    -60.000    -55.000    -50.000    -45.000    -40.000    -35.000    -30.000    -28.000    -26.000    -24.000    -22.000    -20.000    -19.000    -18.000    -17.000    -16.000    -15.000    -14.000    -13.000    -12.000    -11.000    -10.000     -9.000     -8.000     -7.000     -6.000     -5.000     -4.000     -3.000     -2.000     -1.000      0.000      1.000      2.000      3.000      4.000      5.000      6.000      7.000      8.000      9.000     10.000     11.000     12.000     13.000     14.000     15.000     16.000     17.000     18.000     19.000     20.000     22.000     24.000     26.000     28.000     30.000     35.000     40.000     45.000     50.000     55.000     60.000     65.000     70.000     75.000     80.000     85.000     90.000
            values     0.8555     0.8509     0.8375     0.8148     0.7807     0.7357     0.6828     0.6235     0.5588     0.4880     0.4168     0.3446     0.2704     0.2398     0.2101     0.1816     0.1542     0.1290     0.1179     0.1082     0.0985     0.0890     0.0801     0.0549     0.0127     0.0110     0.0094     0.0078     0.0064     0.0050     0.0038     0.0028     0.0020     0.0012     0.0007     0.0003     0.0003     0.0000     0.0003     0.0003     0.0007     0.0012     0.0020     0.0028     0.0038     0.0050     0.0064     0.0078     0.0094     0.0110     0.0127     0.0549     0.0801     0.0890     0.0985     0.1082     0.1179     0.1290     0.1542     0.1816     0.2101     0.2398     0.2704     0.3446     0.4168     0.4880     0.5588     0.6235     0.6828     0.7357     0.7807     0.8148     0.8375     0.8509     0.8555
      end_irregular_table