# ****************************************************************************
# CUI
#
# The Advanced Framework for Simulation, Integration, and Modeling (AFSIM)
#
# The use, dissemination or disclosure of data in this file is subject to
# limitation or restriction. See accompanying README and LICENSE for details.
# ****************************************************************************

irregular_table
         independent_variable mach precision float
         independent_variable alpha units deg
         dependent_variable precision float
         mach  0.000
            alpha     -90.000    -85.000    -80.000    -75.000    -70.000    -65.000    -60.000    -55.000    -50.000    -45.000    -40.000    -36.000    -34.000    -32.000    -30.000    -28.000    -26.000    -24.000    -22.000    -20.000    -18.000    -16.000    -14.000    -12.000    -10.000     -9.000     -8.000     -7.000     -6.000     -5.000     -4.000     -3.000     -2.000     -1.000      0.000      1.000      2.000      3.000      4.000      5.000      6.000      7.000      8.000      9.000     10.000     11.000     12.000     13.000     14.000     15.000     16.000     17.000     18.000     19.000     20.000     21.000     22.000     23.000     24.000     25.000     26.000     27.000     28.000     29.000     30.000     32.000     34.000     36.000     38.000     40.000     45.000     50.000     55.000     60.000     65.000     70.000     75.000     80.000     85.000     90.000     95.000    100.000    105.000    110.000    115.000    120.000    125.000    130.000    135.000    140.000    145.000    150.000    155.000    160.000    165.000    170.000    175.000    180.000
            values     0.6889     0.6996     0.6947     0.6745     0.6398     0.5923     0.5370     0.4781     0.4169     0.3574     0.3055     0.2837     0.2741     0.2649     0.2561     0.2480     0.2396     0.2288     0.2152     0.2004     0.1843     0.1688     0.1498     0.1378     0.1189     0.1080     0.0968     0.0855     0.0743     0.0630     0.0518     0.0405     0.0293     0.0180     0.0068    -0.0044    -0.0157    -0.0269    -0.0381    -0.0493    -0.0605    -0.0717    -0.0829    -0.0937    -0.1039    -0.1134    -0.1211    -0.1256    -0.1274    -0.1313    -0.1379    -0.1563    -0.1702    -0.1792    -0.1879    -0.1961    -0.2040    -0.2115    -0.2192    -0.2267    -0.2337    -0.2398    -0.2450    -0.2497    -0.2543    -0.2635    -0.2733    -0.2834    -0.2938    -0.3051    -0.3444    -0.4034    -0.4654    -0.5253    -0.5815    -0.6305    -0.6685    -0.6924    -0.6998    -0.6907    -0.6947    -0.6849    -0.6621    -0.6266    -0.5812    -0.5291    -0.4741    -0.4159    -0.3573    -0.3002    -0.2445    -0.2050    -0.1735    -0.1400    -0.1106    -0.0831    -0.0498    -0.0028
         mach  0.600
            alpha     -90.000    -85.000    -80.000    -75.000    -70.000    -65.000    -60.000    -55.000    -50.000    -45.000    -40.000    -36.000    -34.000    -32.000    -30.000    -28.000    -26.000    -24.000    -22.000    -20.000    -18.000    -16.000    -14.000    -12.000    -10.000     -9.000     -8.000     -7.000     -6.000     -5.000     -4.000     -3.000     -2.000     -1.000      0.000      1.000      2.000      3.000      4.000      5.000      6.000      7.000      8.000      9.000     10.000     11.000     12.000     13.000     14.000     15.000     16.000     17.000     18.000     19.000     20.000     21.000     22.000     23.000     24.000     25.000     26.000     27.000     28.000     29.000     30.000     32.000     34.000     36.000     38.000     40.000     45.000     50.000     55.000     60.000     65.000     70.000     75.000     80.000     85.000     90.000     95.000    100.000    105.000    110.000    115.000    120.000    125.000    130.000    135.000    140.000    145.000    150.000    155.000    160.000    165.000    170.000    175.000    180.000
            values     0.6873     0.6980     0.6931     0.6729     0.6383     0.5909     0.5356     0.4767     0.4156     0.3563     0.3045     0.2827     0.2732     0.2641     0.2553     0.2473     0.2389     0.2281     0.2146     0.1998     0.1838     0.1684     0.1494     0.1374     0.1186     0.1078     0.0965     0.0853     0.0741     0.0629     0.0516     0.0404     0.0292     0.0180     0.0068    -0.0044    -0.0156    -0.0268    -0.0380    -0.0492    -0.0604    -0.0715    -0.0827    -0.0934    -0.1037    -0.1130    -0.1208    -0.1253    -0.1270    -0.1308    -0.1374    -0.1558    -0.1697    -0.1787    -0.1873    -0.1955    -0.2034    -0.2109    -0.2185    -0.2260    -0.2330    -0.2391    -0.2442    -0.2489    -0.2535    -0.2626    -0.2724    -0.2824    -0.2928    -0.3041    -0.3433    -0.4022    -0.4641    -0.5239    -0.5800    -0.6290    -0.6669    -0.6908    -0.6982    -0.6891    -0.6931    -0.6833    -0.6606    -0.6251    -0.5797    -0.5277    -0.4728    -0.4146    -0.3562    -0.2992    -0.2436    -0.2042    -0.1729    -0.1394    -0.1102    -0.0828    -0.0496    -0.0028
         mach  0.700
            alpha     -90.000    -85.000    -80.000    -75.000    -70.000    -65.000    -60.000    -55.000    -50.000    -45.000    -40.000    -36.000    -34.000    -32.000    -30.000    -28.000    -26.000    -24.000    -22.000    -20.000    -18.000    -16.000    -14.000    -12.000    -10.000     -9.000     -8.000     -7.000     -6.000     -5.000     -4.000     -3.000     -2.000     -1.000      0.000      1.000      2.000      3.000      4.000      5.000      6.000      7.000      8.000      9.000     10.000     11.000     12.000     13.000     14.000     15.000     16.000     17.000     18.000     19.000     20.000     21.000     22.000     23.000     24.000     25.000     26.000     27.000     28.000     29.000     30.000     32.000     34.000     36.000     38.000     40.000     45.000     50.000     55.000     60.000     65.000     70.000     75.000     80.000     85.000     90.000     95.000    100.000    105.000    110.000    115.000    120.000    125.000    130.000    135.000    140.000    145.000    150.000    155.000    160.000    165.000    170.000    175.000    180.000
            values     0.6862     0.6969     0.6920     0.6719     0.6373     0.5899     0.5347     0.4758     0.4148     0.3555     0.3037     0.2821     0.2726     0.2635     0.2548     0.2467     0.2384     0.2276     0.2142     0.1994     0.1835     0.1680     0.1492     0.1372     0.1185     0.1076     0.0964     0.0852     0.0740     0.0628     0.0516     0.0404     0.0292     0.0180     0.0068    -0.0044    -0.0156    -0.0267    -0.0379    -0.0491    -0.0602    -0.0714    -0.0826    -0.0932    -0.1035    -0.1128    -0.1206    -0.1250    -0.1267    -0.1306    -0.1371    -0.1555    -0.1693    -0.1783    -0.1870    -0.1951    -0.2030    -0.2105    -0.2181    -0.2255    -0.2325    -0.2386    -0.2437    -0.2484    -0.2529    -0.2620    -0.2718    -0.2818    -0.2921    -0.3034    -0.3425    -0.4014    -0.4632    -0.5229    -0.5790    -0.6279    -0.6659    -0.6897    -0.6971    -0.6880    -0.6920    -0.6822    -0.6595    -0.6240    -0.5787    -0.5267    -0.4719    -0.4138    -0.3554    -0.2985    -0.2430    -0.2037    -0.1724    -0.1391    -0.1099    -0.0826    -0.0495    -0.0028
         mach  0.750
            alpha     -90.000    -85.000    -80.000    -75.000    -70.000    -65.000    -60.000    -55.000    -50.000    -45.000    -40.000    -36.000    -34.000    -32.000    -30.000    -28.000    -26.000    -24.000    -22.000    -20.000    -18.000    -16.000    -14.000    -12.000    -10.000     -9.000     -8.000     -7.000     -6.000     -5.000     -4.000     -3.000     -2.000     -1.000      0.000      1.000      2.000      3.000      4.000      5.000      6.000      7.000      8.000      9.000     10.000     11.000     12.000     13.000     14.000     15.000     16.000     17.000     18.000     19.000     20.000     21.000     22.000     23.000     24.000     25.000     26.000     27.000     28.000     29.000     30.000     32.000     34.000     36.000     38.000     40.000     45.000     50.000     55.000     60.000     65.000     70.000     75.000     80.000     85.000     90.000     95.000    100.000    105.000    110.000    115.000    120.000    125.000    130.000    135.000    140.000    145.000    150.000    155.000    160.000    165.000    170.000    175.000    180.000
            values     0.6854     0.6962     0.6913     0.6712     0.6366     0.5892     0.5340     0.4752     0.4142     0.3550     0.3033     0.2816     0.2722     0.2631     0.2544     0.2464     0.2381     0.2273     0.2139     0.1992     0.1833     0.1678     0.1490     0.1370     0.1183     0.1075     0.0963     0.0851     0.0739     0.0627     0.0515     0.0403     0.0292     0.0180     0.0068    -0.0044    -0.0155    -0.0267    -0.0378    -0.0490    -0.0602    -0.0713    -0.0825    -0.0931    -0.1033    -0.1127    -0.1204    -0.1249    -0.1265    -0.1304    -0.1369    -0.1553    -0.1691    -0.1781    -0.1867    -0.1949    -0.2027    -0.2102    -0.2178    -0.2252    -0.2322    -0.2382    -0.2433    -0.2480    -0.2526    -0.2616    -0.2713    -0.2814    -0.2916    -0.3029    -0.3420    -0.4008    -0.4626    -0.5223    -0.5784    -0.6272    -0.6652    -0.6890    -0.6963    -0.6872    -0.6912    -0.6815    -0.6588    -0.6233    -0.5781    -0.5261    -0.4713    -0.4132    -0.3549    -0.2980    -0.2425    -0.2033    -0.1721    -0.1388    -0.1097    -0.0825    -0.0495    -0.0028
         mach  0.800
            alpha     -90.000    -85.000    -80.000    -75.000    -70.000    -65.000    -60.000    -55.000    -50.000    -45.000    -40.000    -36.000    -34.000    -32.000    -30.000    -28.000    -26.000    -24.000    -22.000    -20.000    -18.000    -16.000    -14.000    -12.000    -10.000     -9.000     -8.000     -7.000     -6.000     -5.000     -4.000     -3.000     -2.000     -1.000      0.000      1.000      2.000      3.000      4.000      5.000      6.000      7.000      8.000      9.000     10.000     11.000     12.000     13.000     14.000     15.000     16.000     17.000     18.000     19.000     20.000     21.000     22.000     23.000     24.000     25.000     26.000     27.000     28.000     29.000     30.000     32.000     34.000     36.000     38.000     40.000     45.000     50.000     55.000     60.000     65.000     70.000     75.000     80.000     85.000     90.000     95.000    100.000    105.000    110.000    115.000    120.000    125.000    130.000    135.000    140.000    145.000    150.000    155.000    160.000    165.000    170.000    175.000    180.000
            values     0.6845     0.6952     0.6904     0.6703     0.6357     0.5883     0.5332     0.4745     0.4135     0.3543     0.3027     0.2811     0.2716     0.2626     0.2540     0.2459     0.2377     0.2270     0.2136     0.1989     0.1830     0.1676     0.1488     0.1368     0.1182     0.1073     0.0962     0.0850     0.0738     0.0626     0.0515     0.0403     0.0291     0.0180     0.0068    -0.0043    -0.0155    -0.0266    -0.0378    -0.0489    -0.0601    -0.0712    -0.0823    -0.0930    -0.1032    -0.1125    -0.1202    -0.1247    -0.1263    -0.1301    -0.1367    -0.1550    -0.1688    -0.1778    -0.1864    -0.1945    -0.2023    -0.2098    -0.2174    -0.2248    -0.2318    -0.2378    -0.2429    -0.2476    -0.2521    -0.2611    -0.2708    -0.2808    -0.2911    -0.3023    -0.3413    -0.4001    -0.4618    -0.5215    -0.5775    -0.6264    -0.6643    -0.6880    -0.6954    -0.6863    -0.6903    -0.6806    -0.6579    -0.6225    -0.5772    -0.5253    -0.4705    -0.4125    -0.3542    -0.2974    -0.2420    -0.2028    -0.1717    -0.1385    -0.1094    -0.0823    -0.0494    -0.0028
         mach  0.820
            alpha     -90.000    -85.000    -80.000    -75.000    -70.000    -65.000    -60.000    -55.000    -50.000    -45.000    -40.000    -36.000    -34.000    -32.000    -30.000    -28.000    -26.000    -24.000    -22.000    -20.000    -18.000    -16.000    -14.000    -12.000    -10.000     -9.000     -8.000     -7.000     -6.000     -5.000     -4.000     -3.000     -2.000     -1.000      0.000      1.000      2.000      3.000      4.000      5.000      6.000      7.000      8.000      9.000     10.000     11.000     12.000     13.000     14.000     15.000     16.000     17.000     18.000     19.000     20.000     21.000     22.000     23.000     24.000     25.000     26.000     27.000     28.000     29.000     30.000     32.000     34.000     36.000     38.000     40.000     45.000     50.000     55.000     60.000     65.000     70.000     75.000     80.000     85.000     90.000     95.000    100.000    105.000    110.000    115.000    120.000    125.000    130.000    135.000    140.000    145.000    150.000    155.000    160.000    165.000    170.000    175.000    180.000
            values     0.6841     0.6948     0.6900     0.6698     0.6353     0.5880     0.5328     0.4741     0.4132     0.3540     0.3024     0.2809     0.2714     0.2624     0.2537     0.2457     0.2375     0.2268     0.2134     0.1987     0.1828     0.1675     0.1487     0.1368     0.1181     0.1073     0.0961     0.0849     0.0738     0.0626     0.0514     0.0403     0.0291     0.0180     0.0068    -0.0043    -0.0155    -0.0266    -0.0378    -0.0489    -0.0600    -0.0711    -0.0823    -0.0929    -0.1031    -0.1124    -0.1201    -0.1246    -0.1262    -0.1300    -0.1366    -0.1549    -0.1687    -0.1777    -0.1862    -0.1944    -0.2022    -0.2096    -0.2172    -0.2246    -0.2316    -0.2376    -0.2427    -0.2474    -0.2519    -0.2609    -0.2706    -0.2806    -0.2908    -0.3020    -0.3410    -0.3998    -0.4615    -0.5211    -0.5771    -0.6260    -0.6639    -0.6876    -0.6950    -0.6859    -0.6899    -0.6801    -0.6575    -0.6221    -0.5768    -0.5249    -0.4702    -0.4122    -0.3539    -0.2972    -0.2417    -0.2026    -0.1715    -0.1384    -0.1093    -0.0822    -0.0494    -0.0028
         mach  0.850
            alpha     -90.000    -85.000    -80.000    -75.000    -70.000    -65.000    -60.000    -55.000    -50.000    -45.000    -40.000    -36.000    -34.000    -32.000    -30.000    -28.000    -26.000    -24.000    -22.000    -20.000    -18.000    -16.000    -14.000    -12.000    -10.000     -9.000     -8.000     -7.000     -6.000     -5.000     -4.000     -3.000     -2.000     -1.000      0.000      1.000      2.000      3.000      4.000      5.000      6.000      7.000      8.000      9.000     10.000     11.000     12.000     13.000     14.000     15.000     16.000     17.000     18.000     19.000     20.000     21.000     22.000     23.000     24.000     25.000     26.000     27.000     28.000     29.000     30.000     32.000     34.000     36.000     38.000     40.000     45.000     50.000     55.000     60.000     65.000     70.000     75.000     80.000     85.000     90.000     95.000    100.000    105.000    110.000    115.000    120.000    125.000    130.000    135.000    140.000    145.000    150.000    155.000    160.000    165.000    170.000    175.000    180.000
            values     0.7108     0.7214     0.7159     0.6946     0.6584     0.6090     0.5515     0.4901     0.4266     0.3648     0.3108     0.2875     0.2772     0.2673     0.2579     0.2492     0.2403     0.2290     0.2151     0.2000     0.1838     0.1681     0.1487     0.1367     0.1180     0.1072     0.0960     0.0849     0.0737     0.0625     0.0514     0.0402     0.0291     0.0179     0.0068    -0.0043    -0.0155    -0.0266    -0.0377    -0.0488    -0.0600    -0.0711    -0.0822    -0.0929    -0.1031    -0.1124    -0.1201    -0.1245    -0.1262    -0.1300    -0.1366    -0.1554    -0.1695    -0.1786    -0.1874    -0.1957    -0.2037    -0.2113    -0.2192    -0.2268    -0.2340    -0.2404    -0.2458    -0.2508    -0.2556    -0.2654    -0.2759    -0.2867    -0.2978    -0.3100    -0.3513    -0.4126    -0.4770    -0.5392    -0.5977    -0.6487    -0.6884    -0.7134    -0.7215    -0.7127    -0.7163    -0.7058    -0.6819    -0.6448    -0.5976    -0.5434    -0.4862    -0.4257    -0.3649    -0.3058    -0.2481    -0.2069    -0.1741    -0.1397    -0.1100    -0.0825    -0.0494    -0.0028
         mach  0.870
            alpha     -90.000    -85.000    -80.000    -75.000    -70.000    -65.000    -60.000    -55.000    -50.000    -45.000    -40.000    -36.000    -34.000    -32.000    -30.000    -28.000    -26.000    -24.000    -22.000    -20.000    -18.000    -16.000    -14.000    -12.000    -10.000     -9.000     -8.000     -7.000     -6.000     -5.000     -4.000     -3.000     -2.000     -1.000      0.000      1.000      2.000      3.000      4.000      5.000      6.000      7.000      8.000      9.000     10.000     11.000     12.000     13.000     14.000     15.000     16.000     17.000     18.000     19.000     20.000     21.000     22.000     23.000     24.000     25.000     26.000     27.000     28.000     29.000     30.000     32.000     34.000     36.000     38.000     40.000     45.000     50.000     55.000     60.000     65.000     70.000     75.000     80.000     85.000     90.000     95.000    100.000    105.000    110.000    115.000    120.000    125.000    130.000    135.000    140.000    145.000    150.000    155.000    160.000    165.000    170.000    175.000    180.000
            values     0.7416     0.7521     0.7458     0.7232     0.6851     0.6332     0.5730     0.5087     0.4421     0.3774     0.3206     0.2952     0.2839     0.2731     0.2628     0.2533     0.2436     0.2317     0.2172     0.2016     0.1850     0.1689     0.1488     0.1368     0.1180     0.1072     0.0960     0.0848     0.0737     0.0625     0.0514     0.0402     0.0291     0.0179     0.0068    -0.0043    -0.0154    -0.0266    -0.0377    -0.0488    -0.0599    -0.0711    -0.0822    -0.0928    -0.1030    -0.1124    -0.1201    -0.1245    -0.1262    -0.1301    -0.1368    -0.1561    -0.1705    -0.1798    -0.1887    -0.1973    -0.2055    -0.2134    -0.2215    -0.2294    -0.2370    -0.2437    -0.2495    -0.2549    -0.2601    -0.2707    -0.2822    -0.2939    -0.3061    -0.3193    -0.3634    -0.4276    -0.4950    -0.5602    -0.6214    -0.6749    -0.7167    -0.7432    -0.7522    -0.7435    -0.7468    -0.7354    -0.7101    -0.6711    -0.6215    -0.5647    -0.5048    -0.4414    -0.3777    -0.3158    -0.2555    -0.2120    -0.1772    -0.1414    -0.1109    -0.0829    -0.0495    -0.0028
         mach  0.900
            alpha     -90.000    -85.000    -80.000    -75.000    -70.000    -65.000    -60.000    -55.000    -50.000    -45.000    -40.000    -36.000    -34.000    -32.000    -30.000    -28.000    -26.000    -24.000    -22.000    -20.000    -18.000    -16.000    -14.000    -12.000    -10.000     -9.000     -8.000     -7.000     -6.000     -5.000     -4.000     -3.000     -2.000     -1.000      0.000      1.000      2.000      3.000      4.000      5.000      6.000      7.000      8.000      9.000     10.000     11.000     12.000     13.000     14.000     15.000     16.000     17.000     18.000     19.000     20.000     21.000     22.000     23.000     24.000     25.000     26.000     27.000     28.000     29.000     30.000     32.000     34.000     36.000     38.000     40.000     45.000     50.000     55.000     60.000     65.000     70.000     75.000     80.000     85.000     90.000     95.000    100.000    105.000    110.000    115.000    120.000    125.000    130.000    135.000    140.000    145.000    150.000    155.000    160.000    165.000    170.000    175.000    180.000
            values     0.8387     0.8487     0.8402     0.8133     0.7693     0.7098     0.6408     0.5674     0.4912     0.4172     0.3517     0.3198     0.3055     0.2917     0.2786     0.2664     0.2544     0.2403     0.2240     0.2069     0.1891     0.1717     0.1493     0.1370     0.1182     0.1073     0.0961     0.0849     0.0737     0.0625     0.0513     0.0402     0.0291     0.0179     0.0068    -0.0043    -0.0154    -0.0265    -0.0377    -0.0488    -0.0599    -0.0710    -0.0822    -0.0929    -0.1031    -0.1125    -0.1202    -0.1248    -0.1265    -0.1305    -0.1375    -0.1585    -0.1740    -0.1838    -0.1933    -0.2025    -0.2114    -0.2201    -0.2290    -0.2380    -0.2465    -0.2543    -0.2612    -0.2679    -0.2744    -0.2877    -0.3021    -0.3170    -0.3322    -0.3488    -0.4015    -0.4748    -0.5519    -0.6264    -0.6964    -0.7577    -0.8058    -0.8371    -0.8488    -0.8408    -0.8429    -0.8286    -0.7988    -0.7538    -0.6970    -0.6321    -0.5635    -0.4910    -0.4182    -0.3476    -0.2791    -0.2283    -0.1873    -0.1470    -0.1139    -0.0841    -0.0498    -0.0028
         mach  0.925
            alpha     -90.000    -85.000    -80.000    -75.000    -70.000    -65.000    -60.000    -55.000    -50.000    -45.000    -40.000    -36.000    -34.000    -32.000    -30.000    -28.000    -26.000    -24.000    -22.000    -20.000    -18.000    -16.000    -14.000    -12.000    -10.000     -9.000     -8.000     -7.000     -6.000     -5.000     -4.000     -3.000     -2.000     -1.000      0.000      1.000      2.000      3.000      4.000      5.000      6.000      7.000      8.000      9.000     10.000     11.000     12.000     13.000     14.000     15.000     16.000     17.000     18.000     19.000     20.000     21.000     22.000     23.000     24.000     25.000     26.000     27.000     28.000     29.000     30.000     32.000     34.000     36.000     38.000     40.000     45.000     50.000     55.000     60.000     65.000     70.000     75.000     80.000     85.000     90.000     95.000    100.000    105.000    110.000    115.000    120.000    125.000    130.000    135.000    140.000    145.000    150.000    155.000    160.000    165.000    170.000    175.000    180.000
            values     0.9358     0.9454     0.9345     0.9035     0.8535     0.7864     0.7088     0.6261     0.5404     0.4571     0.3829     0.3444     0.3270     0.3103     0.2943     0.2796     0.2651     0.2489     0.2308     0.2122     0.1931     0.1745     0.1497     0.1373     0.1183     0.1074     0.0961     0.0849     0.0737     0.0625     0.0513     0.0402     0.0290     0.0179     0.0068    -0.0043    -0.0154    -0.0265    -0.0376    -0.0488    -0.0599    -0.0710    -0.0822    -0.0929    -0.1032    -0.1126    -0.1204    -0.1250    -0.1268    -0.1310    -0.1382    -0.1608    -0.1774    -0.1878    -0.1980    -0.2078    -0.2174    -0.2268    -0.2366    -0.2465    -0.2560    -0.2649    -0.2731    -0.2809    -0.2887    -0.3048    -0.3221    -0.3400    -0.3584    -0.3783    -0.4396    -0.5222    -0.6088    -0.6926    -0.7713    -0.8404    -0.8950    -0.9310    -0.9454    -0.9382    -0.9390    -0.9218    -0.8876    -0.8366    -0.7726    -0.6995    -0.6223    -0.5406    -0.4588    -0.3794    -0.3027    -0.2445    -0.1973    -0.1526    -0.1168    -0.0854    -0.0501    -0.0028
         mach  0.950
            alpha     -90.000    -85.000    -80.000    -75.000    -70.000    -65.000    -60.000    -55.000    -50.000    -45.000    -40.000    -36.000    -34.000    -32.000    -30.000    -28.000    -26.000    -24.000    -22.000    -20.000    -18.000    -16.000    -14.000    -12.000    -10.000     -9.000     -8.000     -7.000     -6.000     -5.000     -4.000     -3.000     -2.000     -1.000      0.000      1.000      2.000      3.000      4.000      5.000      6.000      7.000      8.000      9.000     10.000     11.000     12.000     13.000     14.000     15.000     16.000     17.000     18.000     19.000     20.000     21.000     22.000     23.000     24.000     25.000     26.000     27.000     28.000     29.000     30.000     32.000     34.000     36.000     38.000     40.000     45.000     50.000     55.000     60.000     65.000     70.000     75.000     80.000     85.000     90.000     95.000    100.000    105.000    110.000    115.000    120.000    125.000    130.000    135.000    140.000    145.000    150.000    155.000    160.000    165.000    170.000    175.000    180.000
            values     1.0328     1.0420     1.0288     0.9936     0.9376     0.8628     0.7766     0.6847     0.5895     0.4969     0.4139     0.3690     0.3485     0.3288     0.3100     0.2927     0.2759     0.2575     0.2376     0.2174     0.1971     0.1773     0.1502     0.1375     0.1184     0.1075     0.0962     0.0849     0.0737     0.0625     0.0513     0.0402     0.0290     0.0179     0.0068    -0.0043    -0.0154    -0.0265    -0.0376    -0.0487    -0.0599    -0.0710    -0.0822    -0.0929    -0.1033    -0.1127    -0.1206    -0.1252    -0.1270    -0.1314    -0.1389    -0.1632    -0.1809    -0.1918    -0.2025    -0.2130    -0.2233    -0.2335    -0.2442    -0.2550    -0.2655    -0.2756    -0.2848    -0.2939    -0.3030    -0.3218    -0.3420    -0.3630    -0.3846    -0.4078    -0.4777    -0.5694    -0.6656    -0.7587    -0.8462    -0.9231    -0.9842    -1.0249    -1.0420    -1.0354    -1.0350    -1.0150    -0.9764    -0.9194    -0.8480    -0.7668    -0.6810    -0.5902    -0.4992    -0.4111    -0.3262    -0.2607    -0.2074    -0.1581    -0.1198    -0.0866    -0.0503    -0.0028
         mach  0.975
            alpha     -90.000    -85.000    -80.000    -75.000    -70.000    -65.000    -60.000    -55.000    -50.000    -45.000    -40.000    -36.000    -34.000    -32.000    -30.000    -28.000    -26.000    -24.000    -22.000    -20.000    -18.000    -16.000    -14.000    -12.000    -10.000     -9.000     -8.000     -7.000     -6.000     -5.000     -4.000     -3.000     -2.000     -1.000      0.000      1.000      2.000      3.000      4.000      5.000      6.000      7.000      8.000      9.000     10.000     11.000     12.000     13.000     14.000     15.000     16.000     17.000     18.000     19.000     20.000     21.000     22.000     23.000     24.000     25.000     26.000     27.000     28.000     29.000     30.000     32.000     34.000     36.000     38.000     40.000     45.000     50.000     55.000     60.000     65.000     70.000     75.000     80.000     85.000     90.000     95.000    100.000    105.000    110.000    115.000    120.000    125.000    130.000    135.000    140.000    145.000    150.000    155.000    160.000    165.000    170.000    175.000    180.000
            values     1.1297     1.1385     1.1229     1.0835     1.0216     0.9392     0.8444     0.7432     0.6385     0.5366     0.4449     0.3935     0.3699     0.3473     0.3257     0.3057     0.2866     0.2660     0.2443     0.2227     0.2011     0.1800     0.1507     0.1377     0.1185     0.1075     0.0962     0.0849     0.0737     0.0625     0.0513     0.0401     0.0290     0.0179     0.0068    -0.0043    -0.0154    -0.0265    -0.0376    -0.0487    -0.0598    -0.0710    -0.0822    -0.0930    -0.1033    -0.1128    -0.1207    -0.1254    -0.1272    -0.1318    -0.1396    -0.1655    -0.1842    -0.1957    -0.2071    -0.2182    -0.2292    -0.2401    -0.2517    -0.2634    -0.2750    -0.2861    -0.2965    -0.3068    -0.3172    -0.3387    -0.3619    -0.3859    -0.4107    -0.4371    -0.5157    -0.6165    -0.7223    -0.8247    -0.9210    -1.0057    -1.0732    -1.1186    -1.1384    -1.1325    -1.1309    -1.1080    -1.0650    -1.0020    -0.9234    -0.8340    -0.7395    -0.6397    -0.5396    -0.4428    -0.3497    -0.2769    -0.2173    -0.1636    -0.1227    -0.0879    -0.0506    -0.0028
         mach  1.000
            alpha     -90.000    -85.000    -80.000    -75.000    -70.000    -65.000    -60.000    -55.000    -50.000    -45.000    -40.000    -36.000    -34.000    -32.000    -30.000    -28.000    -26.000    -24.000    -22.000    -20.000    -18.000    -16.000    -14.000    -12.000    -10.000     -9.000     -8.000     -7.000     -6.000     -5.000     -4.000     -3.000     -2.000     -1.000      0.000      1.000      2.000      3.000      4.000      5.000      6.000      7.000      8.000      9.000     10.000     11.000     12.000     13.000     14.000     15.000     16.000     17.000     18.000     19.000     20.000     21.000     22.000     23.000     24.000     25.000     26.000     27.000     28.000     29.000     30.000     32.000     34.000     36.000     38.000     40.000     45.000     50.000     55.000     60.000     65.000     70.000     75.000     80.000     85.000     90.000     95.000    100.000    105.000    110.000    115.000    120.000    125.000    130.000    135.000    140.000    145.000    150.000    155.000    160.000    165.000    170.000    175.000    180.000
            values     1.2265     1.2348     1.2169     1.1734     1.1054     1.0155     0.9120     0.8017     0.6874     0.5762     0.4759     0.4179     0.3913     0.3657     0.3413     0.3187     0.2972     0.2745     0.2510     0.2278     0.2050     0.1828     0.1511     0.1379     0.1186     0.1076     0.0962     0.0849     0.0736     0.0624     0.0512     0.0401     0.0290     0.0179     0.0068    -0.0043    -0.0154    -0.0264    -0.0375    -0.0486    -0.0598    -0.0710    -0.0822    -0.0930    -0.1033    -0.1129    -0.1208    -0.1255    -0.1274    -0.1322    -0.1402    -0.1678    -0.1876    -0.1996    -0.2116    -0.2233    -0.2350    -0.2467    -0.2591    -0.2718    -0.2844    -0.2966    -0.3082    -0.3197    -0.3313    -0.3555    -0.3816    -0.4088    -0.4367    -0.4665    -0.5536    -0.6636    -0.7790    -0.8906    -0.9956    -1.0882    -1.1621    -1.2121    -1.2347    -1.2296    -1.2267    -1.2009    -1.1535    -1.0845    -0.9987    -0.9011    -0.7980    -0.6890    -0.5799    -0.4744    -0.3731    -0.2930    -0.2273    -0.1691    -0.1255    -0.0891    -0.0509    -0.0028
         mach  1.025
            alpha     -90.000    -85.000    -80.000    -75.000    -70.000    -65.000    -60.000    -55.000    -50.000    -45.000    -40.000    -36.000    -34.000    -32.000    -30.000    -28.000    -26.000    -24.000    -22.000    -20.000    -18.000    -16.000    -14.000    -12.000    -10.000     -9.000     -8.000     -7.000     -6.000     -5.000     -4.000     -3.000     -2.000     -1.000      0.000      1.000      2.000      3.000      4.000      5.000      6.000      7.000      8.000      9.000     10.000     11.000     12.000     13.000     14.000     15.000     16.000     17.000     18.000     19.000     20.000     21.000     22.000     23.000     24.000     25.000     26.000     27.000     28.000     29.000     30.000     32.000     34.000     36.000     38.000     40.000     45.000     50.000     55.000     60.000     65.000     70.000     75.000     80.000     85.000     90.000     95.000    100.000    105.000    110.000    115.000    120.000    125.000    130.000    135.000    140.000    145.000    150.000    155.000    160.000    165.000    170.000    175.000    180.000
            values     1.3233     1.3312     1.3109     1.2632     1.1893     1.0918     0.9796     0.8601     0.7362     0.6158     0.5068     0.4423     0.4127     0.3841     0.3569     0.3317     0.3078     0.2830     0.2576     0.2330     0.2089     0.1855     0.1515     0.1381     0.1187     0.1076     0.0962     0.0849     0.0736     0.0624     0.0512     0.0401     0.0290     0.0179     0.0068    -0.0043    -0.0153    -0.0264    -0.0375    -0.0486    -0.0597    -0.0709    -0.0822    -0.0930    -0.1034    -0.1130    -0.1209    -0.1257    -0.1276    -0.1326    -0.1408    -0.1700    -0.1910    -0.2035    -0.2161    -0.2284    -0.2408    -0.2533    -0.2665    -0.2802    -0.2938    -0.3071    -0.3198    -0.3325    -0.3454    -0.3724    -0.4014    -0.4316    -0.4626    -0.4958    -0.5915    -0.7106    -0.8356    -0.9565    -1.0703    -1.1706    -1.2509    -1.3057    -1.3310    -1.3265    -1.3225    -1.2938    -1.2419    -1.1670    -1.0739    -0.9682    -0.8565    -0.7384    -0.6202    -0.5060    -0.3965    -0.3091    -0.2372    -0.1745    -0.1284    -0.0903    -0.0512    -0.0028
         mach  1.050
            alpha     -90.000    -85.000    -80.000    -75.000    -70.000    -65.000    -60.000    -55.000    -50.000    -45.000    -40.000    -36.000    -34.000    -32.000    -30.000    -28.000    -26.000    -24.000    -22.000    -20.000    -18.000    -16.000    -14.000    -12.000    -10.000     -9.000     -8.000     -7.000     -6.000     -5.000     -4.000     -3.000     -2.000     -1.000      0.000      1.000      2.000      3.000      4.000      5.000      6.000      7.000      8.000      9.000     10.000     11.000     12.000     13.000     14.000     15.000     16.000     17.000     18.000     19.000     20.000     21.000     22.000     23.000     24.000     25.000     26.000     27.000     28.000     29.000     30.000     32.000     34.000     36.000     38.000     40.000     45.000     50.000     55.000     60.000     65.000     70.000     75.000     80.000     85.000     90.000     95.000    100.000    105.000    110.000    115.000    120.000    125.000    130.000    135.000    140.000    145.000    150.000    155.000    160.000    165.000    170.000    175.000    180.000
            values     1.4202     1.4277     1.4051     1.3532     1.2734     1.1682     1.0474     0.9187     0.7853     0.6556     0.5378     0.4669     0.4341     0.4026     0.3725     0.3448     0.3185     0.2916     0.2644     0.2382     0.2129     0.1882     0.1519     0.1383     0.1188     0.1077     0.0962     0.0849     0.0736     0.0624     0.0512     0.0400     0.0289     0.0179     0.0068    -0.0042    -0.0153    -0.0264    -0.0374    -0.0486    -0.0597    -0.0709    -0.0822    -0.0930    -0.1034    -0.1131    -0.1211    -0.1259    -0.1279    -0.1330    -0.1415    -0.1724    -0.1944    -0.2075    -0.2206    -0.2337    -0.2467    -0.2599    -0.2741    -0.2887    -0.3033    -0.3177    -0.3316    -0.3455    -0.3597    -0.3893    -0.4213    -0.4546    -0.4887    -0.5252    -0.6296    -0.7578    -0.8924    -1.0226    -1.1451    -1.2533    -1.3400    -1.3995    -1.4275    -1.4237    -1.4185    -1.3869    -1.3306    -1.2496    -1.1493    -1.0354    -0.9151    -0.7879    -0.6606    -0.5377    -0.4200    -0.3253    -0.2472    -0.1800    -0.1313    -0.0915    -0.0514    -0.0028
         mach  1.075
            alpha     -90.000    -85.000    -80.000    -75.000    -70.000    -65.000    -60.000    -55.000    -50.000    -45.000    -40.000    -36.000    -34.000    -32.000    -30.000    -28.000    -26.000    -24.000    -22.000    -20.000    -18.000    -16.000    -14.000    -12.000    -10.000     -9.000     -8.000     -7.000     -6.000     -5.000     -4.000     -3.000     -2.000     -1.000      0.000      1.000      2.000      3.000      4.000      5.000      6.000      7.000      8.000      9.000     10.000     11.000     12.000     13.000     14.000     15.000     16.000     17.000     18.000     19.000     20.000     21.000     22.000     23.000     24.000     25.000     26.000     27.000     28.000     29.000     30.000     32.000     34.000     36.000     38.000     40.000     45.000     50.000     55.000     60.000     65.000     70.000     75.000     80.000     85.000     90.000     95.000    100.000    105.000    110.000    115.000    120.000    125.000    130.000    135.000    140.000    145.000    150.000    155.000    160.000    165.000    170.000    175.000    180.000
            values     1.4880     1.4952     1.4710     1.4161     1.3321     1.2217     1.0948     0.9596     0.8196     0.6834     0.5595     0.4840     0.4491     0.4155     0.3835     0.3539     0.3260     0.2976     0.2691     0.2419     0.2157     0.1901     0.1522     0.1385     0.1189     0.1077     0.0963     0.0849     0.0736     0.0623     0.0512     0.0400     0.0289     0.0179     0.0068    -0.0042    -0.0153    -0.0263    -0.0374    -0.0485    -0.0597    -0.0709    -0.0821    -0.0930    -0.1035    -0.1131    -0.1212    -0.1260    -0.1280    -0.1332    -0.1419    -0.1740    -0.1967    -0.2102    -0.2238    -0.2373    -0.2508    -0.2646    -0.2793    -0.2946    -0.3099    -0.3250    -0.3398    -0.3545    -0.3696    -0.4012    -0.4352    -0.4706    -0.5070    -0.5457    -0.6562    -0.7908    -0.9320    -1.0687    -1.1974    -1.3110    -1.4023    -1.4650    -1.4949    -1.4917    -1.4856    -1.4520    -1.3926    -1.3074    -1.2020    -1.0824    -0.9561    -0.8225    -0.6889    -0.5599    -0.4365    -0.3365    -0.2542    -0.1839    -0.1334    -0.0924    -0.0516    -0.0028
         mach  1.100
            alpha     -90.000    -85.000    -80.000    -75.000    -70.000    -65.000    -60.000    -55.000    -50.000    -45.000    -40.000    -36.000    -34.000    -32.000    -30.000    -28.000    -26.000    -24.000    -22.000    -20.000    -18.000    -16.000    -14.000    -12.000    -10.000     -9.000     -8.000     -7.000     -6.000     -5.000     -4.000     -3.000     -2.000     -1.000      0.000      1.000      2.000      3.000      4.000      5.000      6.000      7.000      8.000      9.000     10.000     11.000     12.000     13.000     14.000     15.000     16.000     17.000     18.000     19.000     20.000     21.000     22.000     23.000     24.000     25.000     26.000     27.000     28.000     29.000     30.000     32.000     34.000     36.000     38.000     40.000     45.000     50.000     55.000     60.000     65.000     70.000     75.000     80.000     85.000     90.000     95.000    100.000    105.000    110.000    115.000    120.000    125.000    130.000    135.000    140.000    145.000    150.000    155.000    160.000    165.000    170.000    175.000    180.000
            values     1.5129     1.5199     1.4951     1.4392     1.3536     1.2412     1.1121     0.9745     0.8320     0.6935     0.5673     0.4902     0.4545     0.4202     0.3874     0.3572     0.3286     0.2996     0.2707     0.2431     0.2166     0.1907     0.1522     0.1385     0.1189     0.1077     0.0962     0.0848     0.0735     0.0623     0.0511     0.0400     0.0289     0.0179     0.0068    -0.0042    -0.0153    -0.0263    -0.0374    -0.0485    -0.0596    -0.0708    -0.0821    -0.0929    -0.1034    -0.1131    -0.1211    -0.1260    -0.1280    -0.1333    -0.1420    -0.1745    -0.1975    -0.2111    -0.2248    -0.2385    -0.2522    -0.2662    -0.2811    -0.2966    -0.3122    -0.3276    -0.3426    -0.3577    -0.3731    -0.4054    -0.4401    -0.4764    -0.5135    -0.5531    -0.6658    -0.8028    -0.9465    -1.0856    -1.2165    -1.3322    -1.4251    -1.4891    -1.5196    -1.5166    -1.5102    -1.4758    -1.4153    -1.3286    -1.2213    -1.0996    -0.9710    -0.8351    -0.6991    -0.5679    -0.4424    -0.3406    -0.2566    -0.1852    -0.1340    -0.0927    -0.0517    -0.0028
         mach  1.150
            alpha     -90.000    -85.000    -80.000    -75.000    -70.000    -65.000    -60.000    -55.000    -50.000    -45.000    -40.000    -36.000    -34.000    -32.000    -30.000    -28.000    -26.000    -24.000    -22.000    -20.000    -18.000    -16.000    -14.000    -12.000    -10.000     -9.000     -8.000     -7.000     -6.000     -5.000     -4.000     -3.000     -2.000     -1.000      0.000      1.000      2.000      3.000      4.000      5.000      6.000      7.000      8.000      9.000     10.000     11.000     12.000     13.000     14.000     15.000     16.000     17.000     18.000     19.000     20.000     21.000     22.000     23.000     24.000     25.000     26.000     27.000     28.000     29.000     30.000     32.000     34.000     36.000     38.000     40.000     45.000     50.000     55.000     60.000     65.000     70.000     75.000     80.000     85.000     90.000     95.000    100.000    105.000    110.000    115.000    120.000    125.000    130.000    135.000    140.000    145.000    150.000    155.000    160.000    165.000    170.000    175.000    180.000
            values     1.4650     1.4723     1.4486     1.3947     1.3120     1.2033     1.0784     0.9453     0.8075     0.6734     0.5516     0.4776     0.4435     0.4106     0.3792     0.3503     0.3229     0.2950     0.2670     0.2401     0.2143     0.1891     0.1517     0.1381     0.1186     0.1074     0.0960     0.0847     0.0734     0.0622     0.0510     0.0399     0.0289     0.0178     0.0068    -0.0042    -0.0152    -0.0263    -0.0373    -0.0484    -0.0595    -0.0707    -0.0819    -0.0927    -0.1031    -0.1128    -0.1208    -0.1256    -0.1276    -0.1327    -0.1413    -0.1730    -0.1955    -0.2088    -0.2222    -0.2355    -0.2489    -0.2624    -0.2770    -0.2920    -0.3070    -0.3219    -0.3364    -0.3509    -0.3656    -0.3965    -0.4299    -0.4646    -0.5002    -0.5382    -0.6466    -0.7791    -0.9182    -1.0527    -1.1794    -1.2913    -1.3811    -1.4428    -1.4720    -1.4686    -1.4628    -1.4299    -1.3715    -1.2877    -1.1839    -1.0662    -0.9418    -0.8104    -0.6788    -0.5518    -0.4303    -0.3321    -0.2512    -0.1821    -0.1323    -0.0918    -0.0514    -0.0028
         mach  1.200
            alpha     -90.000    -85.000    -80.000    -75.000    -70.000    -65.000    -60.000    -55.000    -50.000    -45.000    -40.000    -36.000    -34.000    -32.000    -30.000    -28.000    -26.000    -24.000    -22.000    -20.000    -18.000    -16.000    -14.000    -12.000    -10.000     -9.000     -8.000     -7.000     -6.000     -5.000     -4.000     -3.000     -2.000     -1.000      0.000      1.000      2.000      3.000      4.000      5.000      6.000      7.000      8.000      9.000     10.000     11.000     12.000     13.000     14.000     15.000     16.000     17.000     18.000     19.000     20.000     21.000     22.000     23.000     24.000     25.000     26.000     27.000     28.000     29.000     30.000     32.000     34.000     36.000     38.000     40.000     45.000     50.000     55.000     60.000     65.000     70.000     75.000     80.000     85.000     90.000     95.000    100.000    105.000    110.000    115.000    120.000    125.000    130.000    135.000    140.000    145.000    150.000    155.000    160.000    165.000    170.000    175.000    180.000
            values     1.4568     1.4641     1.4406     1.3870     1.3049     1.1968     1.0726     0.9402     0.8032     0.6699     0.5488     0.4754     0.4415     0.4088     0.3777     0.3490     0.3218     0.2941     0.2662     0.2395     0.2138     0.1887     0.1516     0.1380     0.1185     0.1074     0.0959     0.0846     0.0733     0.0622     0.0510     0.0399     0.0289     0.0178     0.0068    -0.0042    -0.0152    -0.0262    -0.0373    -0.0483    -0.0595    -0.0706    -0.0818    -0.0926    -0.1031    -0.1127    -0.1207    -0.1254    -0.1274    -0.1326    -0.1411    -0.1726    -0.1950    -0.2083    -0.2217    -0.2349    -0.2482    -0.2617    -0.2762    -0.2911    -0.3061    -0.3209    -0.3352    -0.3496    -0.3642    -0.3949    -0.4280    -0.4625    -0.4978    -0.5355    -0.6432    -0.7750    -0.9132    -1.0470    -1.1730    -1.2842    -1.3734    -1.4348    -1.4638    -1.4603    -1.4546    -1.4219    -1.3639    -1.2806    -1.1774    -1.0604    -0.9367    -0.8060    -0.6752    -0.5490    -0.4282    -0.3306    -0.2502    -0.1815    -0.1319    -0.0917    -0.0514    -0.0028
         mach  1.250
            alpha     -90.000    -85.000    -80.000    -75.000    -70.000    -65.000    -60.000    -55.000    -50.000    -45.000    -40.000    -36.000    -34.000    -32.000    -30.000    -28.000    -26.000    -24.000    -22.000    -20.000    -18.000    -16.000    -14.000    -12.000    -10.000     -9.000     -8.000     -7.000     -6.000     -5.000     -4.000     -3.000     -2.000     -1.000      0.000      1.000      2.000      3.000      4.000      5.000      6.000      7.000      8.000      9.000     10.000     11.000     12.000     13.000     14.000     15.000     16.000     17.000     18.000     19.000     20.000     21.000     22.000     23.000     24.000     25.000     26.000     27.000     28.000     29.000     30.000     32.000     34.000     36.000     38.000     40.000     45.000     50.000     55.000     60.000     65.000     70.000     75.000     80.000     85.000     90.000     95.000    100.000    105.000    110.000    115.000    120.000    125.000    130.000    135.000    140.000    145.000    150.000    155.000    160.000    165.000    170.000    175.000    180.000
            values     1.4566     1.4640     1.4405     1.3869     1.3047     1.1966     1.0725     0.9402     0.8031     0.6698     0.5487     0.4753     0.4414     0.4088     0.3776     0.3489     0.3217     0.2941     0.2662     0.2395     0.2138     0.1887     0.1515     0.1379     0.1185     0.1073     0.0959     0.0846     0.0733     0.0621     0.0510     0.0399     0.0289     0.0178     0.0068    -0.0042    -0.0152    -0.0262    -0.0373    -0.0483    -0.0594    -0.0706    -0.0818    -0.0926    -0.1030    -0.1126    -0.1207    -0.1254    -0.1274    -0.1325    -0.1411    -0.1726    -0.1950    -0.2083    -0.2216    -0.2349    -0.2482    -0.2617    -0.2761    -0.2911    -0.3060    -0.3208    -0.3352    -0.3495    -0.3642    -0.3949    -0.4279    -0.4624    -0.4977    -0.5354    -0.6431    -0.7749    -0.9131    -1.0469    -1.1729    -1.2841    -1.3733    -1.4346    -1.4637    -1.4602    -1.4545    -1.4218    -1.3638    -1.2805    -1.1773    -1.0603    -0.9366    -0.8059    -0.6751    -0.5489    -0.4281    -0.3305    -0.2502    -0.1814    -0.1319    -0.0916    -0.0513    -0.0028
         mach  1.300
            alpha     -90.000    -85.000    -80.000    -75.000    -70.000    -65.000    -60.000    -55.000    -50.000    -45.000    -40.000    -36.000    -34.000    -32.000    -30.000    -28.000    -26.000    -24.000    -22.000    -20.000    -18.000    -16.000    -14.000    -12.000    -10.000     -9.000     -8.000     -7.000     -6.000     -5.000     -4.000     -3.000     -2.000     -1.000      0.000      1.000      2.000      3.000      4.000      5.000      6.000      7.000      8.000      9.000     10.000     11.000     12.000     13.000     14.000     15.000     16.000     17.000     18.000     19.000     20.000     21.000     22.000     23.000     24.000     25.000     26.000     27.000     28.000     29.000     30.000     32.000     34.000     36.000     38.000     40.000     45.000     50.000     55.000     60.000     65.000     70.000     75.000     80.000     85.000     90.000     95.000    100.000    105.000    110.000    115.000    120.000    125.000    130.000    135.000    140.000    145.000    150.000    155.000    160.000    165.000    170.000    175.000    180.000
            values     1.4567     1.4640     1.4406     1.3870     1.3048     1.1967     1.0725     0.9402     0.8032     0.6699     0.5488     0.4754     0.4415     0.4088     0.3777     0.3490     0.3218     0.2941     0.2662     0.2395     0.2138     0.1887     0.1515     0.1380     0.1185     0.1073     0.0959     0.0846     0.0733     0.0621     0.0510     0.0399     0.0289     0.0178     0.0068    -0.0042    -0.0152    -0.0262    -0.0373    -0.0483    -0.0595    -0.0706    -0.0818    -0.0926    -0.1031    -0.1127    -0.1207    -0.1254    -0.1274    -0.1326    -0.1411    -0.1726    -0.1950    -0.2083    -0.2217    -0.2349    -0.2482    -0.2617    -0.2761    -0.2911    -0.3060    -0.3209    -0.3352    -0.3496    -0.3642    -0.3949    -0.4280    -0.4625    -0.4978    -0.5355    -0.6432    -0.7750    -0.9132    -1.0470    -1.1730    -1.2842    -1.3734    -1.4347    -1.4638    -1.4603    -1.4546    -1.4219    -1.3639    -1.2806    -1.1774    -1.0604    -0.9367    -0.8060    -0.6752    -0.5489    -0.4281    -0.3306    -0.2502    -0.1815    -0.1319    -0.0916    -0.0514    -0.0028
         mach  1.400
            alpha     -90.000    -85.000    -80.000    -75.000    -70.000    -65.000    -60.000    -55.000    -50.000    -45.000    -40.000    -36.000    -34.000    -32.000    -30.000    -28.000    -26.000    -24.000    -22.000    -20.000    -18.000    -16.000    -14.000    -12.000    -10.000     -9.000     -8.000     -7.000     -6.000     -5.000     -4.000     -3.000     -2.000     -1.000      0.000      1.000      2.000      3.000      4.000      5.000      6.000      7.000      8.000      9.000     10.000     11.000     12.000     13.000     14.000     15.000     16.000     17.000     18.000     19.000     20.000     21.000     22.000     23.000     24.000     25.000     26.000     27.000     28.000     29.000     30.000     32.000     34.000     36.000     38.000     40.000     45.000     50.000     55.000     60.000     65.000     70.000     75.000     80.000     85.000     90.000     95.000    100.000    105.000    110.000    115.000    120.000    125.000    130.000    135.000    140.000    145.000    150.000    155.000    160.000    165.000    170.000    175.000    180.000
            values     1.4573     1.4646     1.4411     1.3876     1.3054     1.1972     1.0730     0.9407     0.8036     0.6703     0.5491     0.4757     0.4418     0.4091     0.3780     0.3492     0.3220     0.2943     0.2664     0.2397     0.2140     0.1888     0.1517     0.1381     0.1186     0.1074     0.0960     0.0847     0.0734     0.0622     0.0511     0.0399     0.0289     0.0178     0.0068    -0.0042    -0.0152    -0.0263    -0.0373    -0.0484    -0.0595    -0.0707    -0.0819    -0.0927    -0.1032    -0.1128    -0.1208    -0.1256    -0.1276    -0.1327    -0.1413    -0.1728    -0.1952    -0.2085    -0.2219    -0.2351    -0.2484    -0.2619    -0.2764    -0.2914    -0.3063    -0.3211    -0.3355    -0.3499    -0.3645    -0.3952    -0.4283    -0.4628    -0.4981    -0.5359    -0.6436    -0.7754    -0.9137    -1.0475    -1.1735    -1.2847    -1.3740    -1.4353    -1.4643    -1.4609    -1.4552    -1.4225    -1.3644    -1.2811    -1.1779    -1.0608    -0.9372    -0.8064    -0.6756    -0.5493    -0.4285    -0.3309    -0.2505    -0.1817    -0.1321    -0.0917    -0.0514    -0.0028
         mach  1.500
            alpha     -90.000    -85.000    -80.000    -75.000    -70.000    -65.000    -60.000    -55.000    -50.000    -45.000    -40.000    -36.000    -34.000    -32.000    -30.000    -28.000    -26.000    -24.000    -22.000    -20.000    -18.000    -16.000    -14.000    -12.000    -10.000     -9.000     -8.000     -7.000     -6.000     -5.000     -4.000     -3.000     -2.000     -1.000      0.000      1.000      2.000      3.000      4.000      5.000      6.000      7.000      8.000      9.000     10.000     11.000     12.000     13.000     14.000     15.000     16.000     17.000     18.000     19.000     20.000     21.000     22.000     23.000     24.000     25.000     26.000     27.000     28.000     29.000     30.000     32.000     34.000     36.000     38.000     40.000     45.000     50.000     55.000     60.000     65.000     70.000     75.000     80.000     85.000     90.000     95.000    100.000    105.000    110.000    115.000    120.000    125.000    130.000    135.000    140.000    145.000    150.000    155.000    160.000    165.000    170.000    175.000    180.000
            values     1.4581     1.4654     1.4419     1.3884     1.3061     1.1980     1.0737     0.9414     0.8042     0.6709     0.5497     0.4762     0.4422     0.4096     0.3784     0.3496     0.3224     0.2947     0.2667     0.2400     0.2143     0.1891     0.1519     0.1383     0.1187     0.1076     0.0961     0.0848     0.0735     0.0623     0.0511     0.0400     0.0289     0.0179     0.0068    -0.0042    -0.0153    -0.0263    -0.0374    -0.0485    -0.0596    -0.0708    -0.0820    -0.0928    -0.1033    -0.1129    -0.1210    -0.1258    -0.1278    -0.1329    -0.1415    -0.1730    -0.1955    -0.2088    -0.2221    -0.2354    -0.2488    -0.2623    -0.2767    -0.2917    -0.3067    -0.3215    -0.3359    -0.3503    -0.3649    -0.3957    -0.4288    -0.4633    -0.4986    -0.5364    -0.6442    -0.7760    -0.9143    -1.0482    -1.1742    -1.2855    -1.3748    -1.4361    -1.4652    -1.4617    -1.4560    -1.4233    -1.3652    -1.2819    -1.1787    -1.0616    -0.9378    -0.8071    -0.6762    -0.5498    -0.4289    -0.3313    -0.2508    -0.1819    -0.1323    -0.0919    -0.0515    -0.0028
         mach  1.600
            alpha     -90.000    -85.000    -80.000    -75.000    -70.000    -65.000    -60.000    -55.000    -50.000    -45.000    -40.000    -36.000    -34.000    -32.000    -30.000    -28.000    -26.000    -24.000    -22.000    -20.000    -18.000    -16.000    -14.000    -12.000    -10.000     -9.000     -8.000     -7.000     -6.000     -5.000     -4.000     -3.000     -2.000     -1.000      0.000      1.000      2.000      3.000      4.000      5.000      6.000      7.000      8.000      9.000     10.000     11.000     12.000     13.000     14.000     15.000     16.000     17.000     18.000     19.000     20.000     21.000     22.000     23.000     24.000     25.000     26.000     27.000     28.000     29.000     30.000     32.000     34.000     36.000     38.000     40.000     45.000     50.000     55.000     60.000     65.000     70.000     75.000     80.000     85.000     90.000     95.000    100.000    105.000    110.000    115.000    120.000    125.000    130.000    135.000    140.000    145.000    150.000    155.000    160.000    165.000    170.000    175.000    180.000
            values     1.4590     1.4663     1.4428     1.3892     1.3070     1.1988     1.0745     0.9421     0.8049     0.6715     0.5503     0.4767     0.4427     0.4100     0.3788     0.3500     0.3228     0.2950     0.2671     0.2403     0.2145     0.1893     0.1521     0.1384     0.1189     0.1077     0.0963     0.0849     0.0736     0.0624     0.0512     0.0400     0.0289     0.0179     0.0068    -0.0042    -0.0153    -0.0264    -0.0374    -0.0485    -0.0597    -0.0709    -0.0822    -0.0930    -0.1035    -0.1131    -0.1212    -0.1260    -0.1280    -0.1331    -0.1418    -0.1733    -0.1957    -0.2091    -0.2224    -0.2357    -0.2491    -0.2626    -0.2771    -0.2921    -0.3071    -0.3219    -0.3363    -0.3507    -0.3654    -0.3961    -0.4293    -0.4638    -0.4992    -0.5370    -0.6448    -0.7767    -0.9151    -1.0490    -1.1751    -1.2863    -1.3756    -1.4370    -1.4661    -1.4626    -1.4569    -1.4242    -1.3661    -1.2827    -1.1795    -1.0623    -0.9386    -0.8078    -0.6768    -0.5504    -0.4295    -0.3317    -0.2512    -0.1823    -0.1325    -0.0920    -0.0516    -0.0028
         mach  1.800
            alpha     -90.000    -85.000    -80.000    -75.000    -70.000    -65.000    -60.000    -55.000    -50.000    -45.000    -40.000    -36.000    -34.000    -32.000    -30.000    -28.000    -26.000    -24.000    -22.000    -20.000    -18.000    -16.000    -14.000    -12.000    -10.000     -9.000     -8.000     -7.000     -6.000     -5.000     -4.000     -3.000     -2.000     -1.000      0.000      1.000      2.000      3.000      4.000      5.000      6.000      7.000      8.000      9.000     10.000     11.000     12.000     13.000     14.000     15.000     16.000     17.000     18.000     19.000     20.000     21.000     22.000     23.000     24.000     25.000     26.000     27.000     28.000     29.000     30.000     32.000     34.000     36.000     38.000     40.000     45.000     50.000     55.000     60.000     65.000     70.000     75.000     80.000     85.000     90.000     95.000    100.000    105.000    110.000    115.000    120.000    125.000    130.000    135.000    140.000    145.000    150.000    155.000    160.000    165.000    170.000    175.000    180.000
            values     1.4608     1.4681     1.4445     1.3909     1.3086     1.2004     1.0760     0.9435     0.8062     0.6727     0.5514     0.4777     0.4437     0.4110     0.3797     0.3509     0.3236     0.2957     0.2677     0.2409     0.2151     0.1898     0.1525     0.1388     0.1192     0.1080     0.0965     0.0851     0.0738     0.0625     0.0513     0.0401     0.0290     0.0179     0.0068    -0.0043    -0.0154    -0.0264    -0.0376    -0.0487    -0.0599    -0.0711    -0.0824    -0.0933    -0.1038    -0.1134    -0.1215    -0.1263    -0.1284    -0.1336    -0.1422    -0.1738    -0.1963    -0.2096    -0.2230    -0.2364    -0.2497    -0.2633    -0.2778    -0.2928    -0.3078    -0.3227    -0.3371    -0.3515    -0.3662    -0.3970    -0.4302    -0.4648    -0.5003    -0.5381    -0.6460    -0.7780    -0.9165    -1.0505    -1.1766    -1.2880    -1.3773    -1.4387    -1.4678    -1.4643    -1.4586    -1.4259    -1.3677    -1.2843    -1.1811    -1.0638    -0.9400    -0.8091    -0.6780    -0.5515    -0.4304    -0.3326    -0.2519    -0.1828    -0.1330    -0.0923    -0.0517    -0.0028
         mach  2.000
            alpha     -90.000    -85.000    -80.000    -75.000    -70.000    -65.000    -60.000    -55.000    -50.000    -45.000    -40.000    -36.000    -34.000    -32.000    -30.000    -28.000    -26.000    -24.000    -22.000    -20.000    -18.000    -16.000    -14.000    -12.000    -10.000     -9.000     -8.000     -7.000     -6.000     -5.000     -4.000     -3.000     -2.000     -1.000      0.000      1.000      2.000      3.000      4.000      5.000      6.000      7.000      8.000      9.000     10.000     11.000     12.000     13.000     14.000     15.000     16.000     17.000     18.000     19.000     20.000     21.000     22.000     23.000     24.000     25.000     26.000     27.000     28.000     29.000     30.000     32.000     34.000     36.000     38.000     40.000     45.000     50.000     55.000     60.000     65.000     70.000     75.000     80.000     85.000     90.000     95.000    100.000    105.000    110.000    115.000    120.000    125.000    130.000    135.000    140.000    145.000    150.000    155.000    160.000    165.000    170.000    175.000    180.000
            values     1.4622     1.4695     1.4459     1.3923     1.3100     1.2017     1.0773     0.9447     0.8073     0.6738     0.5523     0.4786     0.4445     0.4117     0.3804     0.3515     0.3242     0.2963     0.2683     0.2414     0.2155     0.1902     0.1529     0.1391     0.1194     0.1082     0.0967     0.0853     0.0739     0.0626     0.0514     0.0402     0.0290     0.0179     0.0068    -0.0043    -0.0154    -0.0265    -0.0377    -0.0488    -0.0600    -0.0713    -0.0826    -0.0935    -0.1040    -0.1137    -0.1218    -0.1267    -0.1287    -0.1340    -0.1426    -0.1742    -0.1967    -0.2101    -0.2235    -0.2369    -0.2503    -0.2638    -0.2784    -0.2934    -0.3084    -0.3233    -0.3378    -0.3522    -0.3670    -0.3978    -0.4310    -0.4657    -0.5011    -0.5390    -0.6471    -0.7791    -0.9177    -1.0517    -1.1779    -1.2893    -1.3787    -1.4401    -1.4692    -1.4658    -1.4600    -1.4273    -1.3691    -1.2857    -1.1824    -1.0651    -0.9412    -0.8102    -0.6790    -0.5525    -0.4313    -0.3333    -0.2525    -0.1833    -0.1333    -0.0926    -0.0518    -0.0028
         mach  2.200
            alpha     -90.000    -85.000    -80.000    -75.000    -70.000    -65.000    -60.000    -55.000    -50.000    -45.000    -40.000    -36.000    -34.000    -32.000    -30.000    -28.000    -26.000    -24.000    -22.000    -20.000    -18.000    -16.000    -14.000    -12.000    -10.000     -9.000     -8.000     -7.000     -6.000     -5.000     -4.000     -3.000     -2.000     -1.000      0.000      1.000      2.000      3.000      4.000      5.000      6.000      7.000      8.000      9.000     10.000     11.000     12.000     13.000     14.000     15.000     16.000     17.000     18.000     19.000     20.000     21.000     22.000     23.000     24.000     25.000     26.000     27.000     28.000     29.000     30.000     32.000     34.000     36.000     38.000     40.000     45.000     50.000     55.000     60.000     65.000     70.000     75.000     80.000     85.000     90.000     95.000    100.000    105.000    110.000    115.000    120.000    125.000    130.000    135.000    140.000    145.000    150.000    155.000    160.000    165.000    170.000    175.000    180.000
            values     1.4634     1.4706     1.4471     1.3934     1.3110     1.2027     1.0783     0.9456     0.8082     0.6746     0.5530     0.4792     0.4452     0.4123     0.3810     0.3521     0.3247     0.2968     0.2687     0.2418     0.2159     0.1905     0.1531     0.1393     0.1196     0.1084     0.0969     0.0854     0.0740     0.0627     0.0515     0.0403     0.0291     0.0179     0.0068    -0.0043    -0.0155    -0.0266    -0.0377    -0.0489    -0.0601    -0.0714    -0.0828    -0.0937    -0.1042    -0.1139    -0.1220    -0.1269    -0.1290    -0.1343    -0.1429    -0.1746    -0.1971    -0.2105    -0.2239    -0.2373    -0.2507    -0.2643    -0.2788    -0.2939    -0.3089    -0.3239    -0.3383    -0.3528    -0.3675    -0.3984    -0.4317    -0.4663    -0.5019    -0.5397    -0.6479    -0.7800    -0.9186    -1.0527    -1.1790    -1.2904    -1.3798    -1.4413    -1.4704    -1.4669    -1.4612    -1.4284    -1.3702    -1.2868    -1.1834    -1.0661    -0.9421    -0.8111    -0.6799    -0.5532    -0.4319    -0.3339    -0.2530    -0.1837    -0.1336    -0.0928    -0.0519    -0.0028
         mach  2.500
            alpha     -90.000    -85.000    -80.000    -75.000    -70.000    -65.000    -60.000    -55.000    -50.000    -45.000    -40.000    -36.000    -34.000    -32.000    -30.000    -28.000    -26.000    -24.000    -22.000    -20.000    -18.000    -16.000    -14.000    -12.000    -10.000     -9.000     -8.000     -7.000     -6.000     -5.000     -4.000     -3.000     -2.000     -1.000      0.000      1.000      2.000      3.000      4.000      5.000      6.000      7.000      8.000      9.000     10.000     11.000     12.000     13.000     14.000     15.000     16.000     17.000     18.000     19.000     20.000     21.000     22.000     23.000     24.000     25.000     26.000     27.000     28.000     29.000     30.000     32.000     34.000     36.000     38.000     40.000     45.000     50.000     55.000     60.000     65.000     70.000     75.000     80.000     85.000     90.000     95.000    100.000    105.000    110.000    115.000    120.000    125.000    130.000    135.000    140.000    145.000    150.000    155.000    160.000    165.000    170.000    175.000    180.000
            values     1.4647     1.4719     1.4484     1.3947     1.3123     1.2039     1.0794     0.9467     0.8092     0.6755     0.5539     0.4800     0.4459     0.4130     0.3816     0.3527     0.3253     0.2973     0.2692     0.2422     0.2163     0.1909     0.1535     0.1396     0.1198     0.1086     0.0970     0.0856     0.0742     0.0628     0.0516     0.0403     0.0291     0.0180     0.0068    -0.0043    -0.0155    -0.0266    -0.0378    -0.0490    -0.0603    -0.0716    -0.0829    -0.0939    -0.1044    -0.1142    -0.1223    -0.1272    -0.1293    -0.1346    -0.1433    -0.1749    -0.1975    -0.2109    -0.2244    -0.2378    -0.2512    -0.2648    -0.2794    -0.2945    -0.3095    -0.3245    -0.3389    -0.3534    -0.3682    -0.3991    -0.4324    -0.4671    -0.5027    -0.5406    -0.6488    -0.7810    -0.9197    -1.0539    -1.1802    -1.2916    -1.3811    -1.4425    -1.4717    -1.4682    -1.4625    -1.4297    -1.3715    -1.2880    -1.1846    -1.0672    -0.9432    -0.8121    -0.6808    -0.5540    -0.4327    -0.3345    -0.2536    -0.1842    -0.1340    -0.0930    -0.0520    -0.0028
         mach  3.000
            alpha     -90.000    -85.000    -80.000    -75.000    -70.000    -65.000    -60.000    -55.000    -50.000    -45.000    -40.000    -36.000    -34.000    -32.000    -30.000    -28.000    -26.000    -24.000    -22.000    -20.000    -18.000    -16.000    -14.000    -12.000    -10.000     -9.000     -8.000     -7.000     -6.000     -5.000     -4.000     -3.000     -2.000     -1.000      0.000      1.000      2.000      3.000      4.000      5.000      6.000      7.000      8.000      9.000     10.000     11.000     12.000     13.000     14.000     15.000     16.000     17.000     18.000     19.000     20.000     21.000     22.000     23.000     24.000     25.000     26.000     27.000     28.000     29.000     30.000     32.000     34.000     36.000     38.000     40.000     45.000     50.000     55.000     60.000     65.000     70.000     75.000     80.000     85.000     90.000     95.000    100.000    105.000    110.000    115.000    120.000    125.000    130.000    135.000    140.000    145.000    150.000    155.000    160.000    165.000    170.000    175.000    180.000
            values     1.4661     1.4734     1.4498     1.3961     1.3137     1.2052     1.0807     0.9479     0.8103     0.6765     0.5548     0.4809     0.4467     0.4138     0.3824     0.3534     0.3259     0.2979     0.2697     0.2427     0.2167     0.1913     0.1538     0.1399     0.1201     0.1088     0.0972     0.0857     0.0743     0.0630     0.0517     0.0404     0.0292     0.0180     0.0068    -0.0044    -0.0155    -0.0267    -0.0379    -0.0492    -0.0604    -0.0718    -0.0831    -0.0941    -0.1047    -0.1144    -0.1226    -0.1276    -0.1297    -0.1350    -0.1437    -0.1754    -0.1979    -0.2114    -0.2249    -0.2383    -0.2517    -0.2654    -0.2800    -0.2951    -0.3102    -0.3251    -0.3396    -0.3541    -0.3689    -0.3999    -0.4332    -0.4680    -0.5036    -0.5415    -0.6498    -0.7822    -0.9209    -1.0551    -1.1815    -1.2930    -1.3825    -1.4440    -1.4731    -1.4697    -1.4639    -1.4311    -1.3729    -1.2894    -1.1859    -1.0685    -0.9444    -0.8132    -0.6818    -0.5550    -0.4335    -0.3353    -0.2542    -0.1847    -0.1343    -0.0933    -0.0522    -0.0028
         mach  4.000
            alpha     -90.000    -85.000    -80.000    -75.000    -70.000    -65.000    -60.000    -55.000    -50.000    -45.000    -40.000    -36.000    -34.000    -32.000    -30.000    -28.000    -26.000    -24.000    -22.000    -20.000    -18.000    -16.000    -14.000    -12.000    -10.000     -9.000     -8.000     -7.000     -6.000     -5.000     -4.000     -3.000     -2.000     -1.000      0.000      1.000      2.000      3.000      4.000      5.000      6.000      7.000      8.000      9.000     10.000     11.000     12.000     13.000     14.000     15.000     16.000     17.000     18.000     19.000     20.000     21.000     22.000     23.000     24.000     25.000     26.000     27.000     28.000     29.000     30.000     32.000     34.000     36.000     38.000     40.000     45.000     50.000     55.000     60.000     65.000     70.000     75.000     80.000     85.000     90.000     95.000    100.000    105.000    110.000    115.000    120.000    125.000    130.000    135.000    140.000    145.000    150.000    155.000    160.000    165.000    170.000    175.000    180.000
            values     1.4678     1.4750     1.4514     1.3977     1.3152     1.2067     1.0821     0.9493     0.8116     0.6777     0.5559     0.4818     0.4476     0.4147     0.3832     0.3541     0.3266     0.2986     0.2703     0.2433     0.2172     0.1917     0.1542     0.1403     0.1204     0.1091     0.0975     0.0859     0.0745     0.0631     0.0518     0.0405     0.0292     0.0180     0.0068    -0.0044    -0.0156    -0.0268    -0.0380    -0.0493    -0.0606    -0.0720    -0.0834    -0.0944    -0.1050    -0.1148    -0.1230    -0.1279    -0.1301    -0.1354    -0.1442    -0.1758    -0.1984    -0.2119    -0.2254    -0.2389    -0.2524    -0.2660    -0.2806    -0.2958    -0.3109    -0.3259    -0.3404    -0.3549    -0.3697    -0.4008    -0.4341    -0.4689    -0.5046    -0.5426    -0.6510    -0.7834    -0.9222    -1.0565    -1.1830    -1.2945    -1.3841    -1.4456    -1.4747    -1.4713    -1.4656    -1.4327    -1.3745    -1.2909    -1.1874    -1.0699    -0.9457    -0.8144    -0.6830    -0.5560    -0.4345    -0.3361    -0.2549    -0.1852    -0.1348    -0.0936    -0.0523    -0.0028
         mach  5.000
            alpha     -90.000    -85.000    -80.000    -75.000    -70.000    -65.000    -60.000    -55.000    -50.000    -45.000    -40.000    -36.000    -34.000    -32.000    -30.000    -28.000    -26.000    -24.000    -22.000    -20.000    -18.000    -16.000    -14.000    -12.000    -10.000     -9.000     -8.000     -7.000     -6.000     -5.000     -4.000     -3.000     -2.000     -1.000      0.000      1.000      2.000      3.000      4.000      5.000      6.000      7.000      8.000      9.000     10.000     11.000     12.000     13.000     14.000     15.000     16.000     17.000     18.000     19.000     20.000     21.000     22.000     23.000     24.000     25.000     26.000     27.000     28.000     29.000     30.000     32.000     34.000     36.000     38.000     40.000     45.000     50.000     55.000     60.000     65.000     70.000     75.000     80.000     85.000     90.000     95.000    100.000    105.000    110.000    115.000    120.000    125.000    130.000    135.000    140.000    145.000    150.000    155.000    160.000    165.000    170.000    175.000    180.000
            values     1.4687     1.4759     1.4523     1.3985     1.3160     1.2075     1.0829     0.9500     0.8123     0.6783     0.5564     0.4824     0.4481     0.4151     0.3836     0.3546     0.3270     0.2989     0.2707     0.2436     0.2175     0.1920     0.1544     0.1404     0.1205     0.1092     0.0976     0.0861     0.0746     0.0632     0.0518     0.0405     0.0293     0.0180     0.0068    -0.0044    -0.0156    -0.0269    -0.0381    -0.0494    -0.0607    -0.0721    -0.0835    -0.0945    -0.1051    -0.1149    -0.1232    -0.1281    -0.1303    -0.1356    -0.1444    -0.1761    -0.1987    -0.2122    -0.2257    -0.2392    -0.2527    -0.2664    -0.2810    -0.2962    -0.3113    -0.3263    -0.3408    -0.3554    -0.3702    -0.4012    -0.4346    -0.4695    -0.5051    -0.5431    -0.6516    -0.7841    -0.9229    -1.0573    -1.1838    -1.2954    -1.3849    -1.4465    -1.4756    -1.4722    -1.4665    -1.4336    -1.3754    -1.2918    -1.1882    -1.0707    -0.9465    -0.8151    -0.6836    -0.5566    -0.4350    -0.3365    -0.2553    -0.1855    -0.1350    -0.0937    -0.0524    -0.0028
         mach  6.000
            alpha     -90.000    -85.000    -80.000    -75.000    -70.000    -65.000    -60.000    -55.000    -50.000    -45.000    -40.000    -36.000    -34.000    -32.000    -30.000    -28.000    -26.000    -24.000    -22.000    -20.000    -18.000    -16.000    -14.000    -12.000    -10.000     -9.000     -8.000     -7.000     -6.000     -5.000     -4.000     -3.000     -2.000     -1.000      0.000      1.000      2.000      3.000      4.000      5.000      6.000      7.000      8.000      9.000     10.000     11.000     12.000     13.000     14.000     15.000     16.000     17.000     18.000     19.000     20.000     21.000     22.000     23.000     24.000     25.000     26.000     27.000     28.000     29.000     30.000     32.000     34.000     36.000     38.000     40.000     45.000     50.000     55.000     60.000     65.000     70.000     75.000     80.000     85.000     90.000     95.000    100.000    105.000    110.000    115.000    120.000    125.000    130.000    135.000    140.000    145.000    150.000    155.000    160.000    165.000    170.000    175.000    180.000
            values     1.4692     1.4765     1.4529     1.3991     1.3166     1.2080     1.0833     0.9505     0.8127     0.6787     0.5568     0.4827     0.4484     0.4154     0.3839     0.3548     0.3273     0.2992     0.2709     0.2438     0.2177     0.1921     0.1546     0.1406     0.1206     0.1093     0.0977     0.0861     0.0746     0.0632     0.0519     0.0406     0.0293     0.0180     0.0068    -0.0044    -0.0157    -0.0269    -0.0381    -0.0494    -0.0608    -0.0721    -0.0836    -0.0946    -0.1052    -0.1150    -0.1233    -0.1282    -0.1304    -0.1358    -0.1446    -0.1763    -0.1989    -0.2124    -0.2259    -0.2394    -0.2529    -0.2666    -0.2812    -0.2964    -0.3115    -0.3265    -0.3411    -0.3556    -0.3705    -0.4015    -0.4350    -0.4698    -0.5055    -0.5435    -0.6520    -0.7845    -0.9234    -1.0578    -1.1843    -1.2959    -1.3855    -1.4470    -1.4762    -1.4728    -1.4670    -1.4342    -1.3759    -1.2923    -1.1887    -1.0712    -0.9469    -0.8156    -0.6840    -0.5570    -0.4353    -0.3368    -0.2555    -0.1857    -0.1351    -0.0938    -0.0524    -0.0028
      end_irregular_table