# ****************************************************************************
# CUI
#
# The Advanced Framework for Simulation, Integration, and Modeling (AFSIM)
#
# The use, dissemination or disclosure of data in this file is subject to
# limitation or restriction. See accompanying README and LICENSE for details.
# ****************************************************************************

irregular_table
         independent_variable mach precision float
         independent_variable beta units deg
         dependent_variable precision float
         mach  0.000
            beta     -90.000    -85.000    -80.000    -75.000    -70.000    -65.000    -60.000    -55.000    -50.000    -45.000    -40.000    -35.000    -30.000    -28.000    -26.000    -24.000    -22.000    -20.000    -19.000    -18.000    -17.000    -16.000    -15.000    -14.000    -13.000    -12.000    -11.000    -10.000     -9.000     -8.000     -7.000     -6.000     -5.000     -4.000     -3.000     -2.000     -1.000      0.000      1.000      2.000      3.000      4.000      5.000      6.000      7.000      8.000      9.000     10.000     11.000     12.000     13.000     14.000     15.000     16.000     17.000     18.000     19.000     20.000     22.000     24.000     26.000     28.000     30.000     35.000     40.000     45.000     50.000     55.000     60.000     65.000     70.000     75.000     80.000     85.000     90.000
            values    -0.1776    -0.1761    -0.1715    -0.1639    -0.1534    -0.1407    -0.1266    -0.1121    -0.0974    -0.0829    -0.0704    -0.0619    -0.0543    -0.0513    -0.0484    -0.0455    -0.0421    -0.0386    -0.0368    -0.0350    -0.0332    -0.0313    -0.0294    -0.0266    -0.0232    -0.0216    -0.0200    -0.0182    -0.0164    -0.0146    -0.0128    -0.0110    -0.0091    -0.0073    -0.0055    -0.0037    -0.0018    -0.0000     0.0018     0.0037     0.0055     0.0073     0.0091     0.0110     0.0128     0.0146     0.0164     0.0182     0.0200     0.0216     0.0232     0.0266     0.0294     0.0313     0.0332     0.0350     0.0368     0.0386     0.0421     0.0455     0.0484     0.0513     0.0543     0.0619     0.0704     0.0829     0.0974     0.1121     0.1266     0.1407     0.1534     0.1639     0.1715     0.1761     0.1776
         mach  0.600
            beta     -90.000    -85.000    -80.000    -75.000    -70.000    -65.000    -60.000    -55.000    -50.000    -45.000    -40.000    -35.000    -30.000    -28.000    -26.000    -24.000    -22.000    -20.000    -19.000    -18.000    -17.000    -16.000    -15.000    -14.000    -13.000    -12.000    -11.000    -10.000     -9.000     -8.000     -7.000     -6.000     -5.000     -4.000     -3.000     -2.000     -1.000      0.000      1.000      2.000      3.000      4.000      5.000      6.000      7.000      8.000      9.000     10.000     11.000     12.000     13.000     14.000     15.000     16.000     17.000     18.000     19.000     20.000     22.000     24.000     26.000     28.000     30.000     35.000     40.000     45.000     50.000     55.000     60.000     65.000     70.000     75.000     80.000     85.000     90.000
            values    -0.1776    -0.1761    -0.1714    -0.1638    -0.1534    -0.1406    -0.1265    -0.1119    -0.0973    -0.0827    -0.0702    -0.0618    -0.0541    -0.0511    -0.0483    -0.0454    -0.0420    -0.0384    -0.0366    -0.0349    -0.0331    -0.0312    -0.0293    -0.0265    -0.0231    -0.0215    -0.0199    -0.0182    -0.0164    -0.0146    -0.0127    -0.0109    -0.0091    -0.0073    -0.0055    -0.0036    -0.0018    -0.0000     0.0018     0.0036     0.0055     0.0073     0.0091     0.0109     0.0127     0.0146     0.0164     0.0182     0.0199     0.0215     0.0231     0.0265     0.0293     0.0312     0.0331     0.0349     0.0366     0.0384     0.0420     0.0454     0.0483     0.0511     0.0541     0.0618     0.0702     0.0827     0.0973     0.1119     0.1265     0.1406     0.1534     0.1638     0.1714     0.1761     0.1776
         mach  0.700
            beta     -90.000    -85.000    -80.000    -75.000    -70.000    -65.000    -60.000    -55.000    -50.000    -45.000    -40.000    -35.000    -30.000    -28.000    -26.000    -24.000    -22.000    -20.000    -19.000    -18.000    -17.000    -16.000    -15.000    -14.000    -13.000    -12.000    -11.000    -10.000     -9.000     -8.000     -7.000     -6.000     -5.000     -4.000     -3.000     -2.000     -1.000      0.000      1.000      2.000      3.000      4.000      5.000      6.000      7.000      8.000      9.000     10.000     11.000     12.000     13.000     14.000     15.000     16.000     17.000     18.000     19.000     20.000     22.000     24.000     26.000     28.000     30.000     35.000     40.000     45.000     50.000     55.000     60.000     65.000     70.000     75.000     80.000     85.000     90.000
            values    -0.1776    -0.1761    -0.1714    -0.1638    -0.1533    -0.1405    -0.1265    -0.1119    -0.0972    -0.0826    -0.0701    -0.0616    -0.0540    -0.0510    -0.0481    -0.0453    -0.0419    -0.0383    -0.0366    -0.0348    -0.0330    -0.0311    -0.0292    -0.0265    -0.0230    -0.0215    -0.0198    -0.0181    -0.0163    -0.0145    -0.0127    -0.0109    -0.0091    -0.0073    -0.0054    -0.0036    -0.0018    -0.0000     0.0018     0.0036     0.0054     0.0073     0.0091     0.0109     0.0127     0.0145     0.0163     0.0181     0.0198     0.0215     0.0230     0.0265     0.0292     0.0311     0.0330     0.0348     0.0366     0.0383     0.0419     0.0453     0.0481     0.0510     0.0540     0.0616     0.0701     0.0826     0.0972     0.1119     0.1265     0.1405     0.1533     0.1638     0.1714     0.1761     0.1776
         mach  0.750
            beta     -90.000    -85.000    -80.000    -75.000    -70.000    -65.000    -60.000    -55.000    -50.000    -45.000    -40.000    -35.000    -30.000    -28.000    -26.000    -24.000    -22.000    -20.000    -19.000    -18.000    -17.000    -16.000    -15.000    -14.000    -13.000    -12.000    -11.000    -10.000     -9.000     -8.000     -7.000     -6.000     -5.000     -4.000     -3.000     -2.000     -1.000      0.000      1.000      2.000      3.000      4.000      5.000      6.000      7.000      8.000      9.000     10.000     11.000     12.000     13.000     14.000     15.000     16.000     17.000     18.000     19.000     20.000     22.000     24.000     26.000     28.000     30.000     35.000     40.000     45.000     50.000     55.000     60.000     65.000     70.000     75.000     80.000     85.000     90.000
            values    -0.1776    -0.1761    -0.1714    -0.1638    -0.1533    -0.1405    -0.1264    -0.1118    -0.0971    -0.0825    -0.0700    -0.0616    -0.0539    -0.0510    -0.0481    -0.0452    -0.0418    -0.0383    -0.0365    -0.0347    -0.0329    -0.0311    -0.0292    -0.0264    -0.0230    -0.0214    -0.0198    -0.0181    -0.0163    -0.0145    -0.0127    -0.0109    -0.0091    -0.0072    -0.0054    -0.0036    -0.0018    -0.0000     0.0018     0.0036     0.0054     0.0072     0.0091     0.0109     0.0127     0.0145     0.0163     0.0181     0.0198     0.0214     0.0230     0.0264     0.0292     0.0311     0.0329     0.0347     0.0365     0.0383     0.0418     0.0452     0.0481     0.0510     0.0539     0.0616     0.0700     0.0825     0.0971     0.1118     0.1264     0.1405     0.1533     0.1638     0.1714     0.1761     0.1776
         mach  0.800
            beta     -90.000    -85.000    -80.000    -75.000    -70.000    -65.000    -60.000    -55.000    -50.000    -45.000    -40.000    -35.000    -30.000    -28.000    -26.000    -24.000    -22.000    -20.000    -19.000    -18.000    -17.000    -16.000    -15.000    -14.000    -13.000    -12.000    -11.000    -10.000     -9.000     -8.000     -7.000     -6.000     -5.000     -4.000     -3.000     -2.000     -1.000      0.000      1.000      2.000      3.000      4.000      5.000      6.000      7.000      8.000      9.000     10.000     11.000     12.000     13.000     14.000     15.000     16.000     17.000     18.000     19.000     20.000     22.000     24.000     26.000     28.000     30.000     35.000     40.000     45.000     50.000     55.000     60.000     65.000     70.000     75.000     80.000     85.000     90.000
            values    -0.1776    -0.1761    -0.1714    -0.1638    -0.1533    -0.1405    -0.1264    -0.1117    -0.0970    -0.0824    -0.0699    -0.0615    -0.0538    -0.0509    -0.0480    -0.0451    -0.0417    -0.0382    -0.0364    -0.0347    -0.0329    -0.0310    -0.0291    -0.0264    -0.0229    -0.0214    -0.0197    -0.0180    -0.0163    -0.0145    -0.0126    -0.0108    -0.0090    -0.0072    -0.0054    -0.0036    -0.0018    -0.0000     0.0018     0.0036     0.0054     0.0072     0.0090     0.0108     0.0126     0.0145     0.0163     0.0180     0.0197     0.0214     0.0229     0.0264     0.0291     0.0310     0.0329     0.0347     0.0364     0.0382     0.0417     0.0451     0.0480     0.0509     0.0538     0.0615     0.0699     0.0824     0.0970     0.1117     0.1264     0.1405     0.1533     0.1638     0.1714     0.1761     0.1776
         mach  0.820
            beta     -90.000    -85.000    -80.000    -75.000    -70.000    -65.000    -60.000    -55.000    -50.000    -45.000    -40.000    -35.000    -30.000    -28.000    -26.000    -24.000    -22.000    -20.000    -19.000    -18.000    -17.000    -16.000    -15.000    -14.000    -13.000    -12.000    -11.000    -10.000     -9.000     -8.000     -7.000     -6.000     -5.000     -4.000     -3.000     -2.000     -1.000      0.000      1.000      2.000      3.000      4.000      5.000      6.000      7.000      8.000      9.000     10.000     11.000     12.000     13.000     14.000     15.000     16.000     17.000     18.000     19.000     20.000     22.000     24.000     26.000     28.000     30.000     35.000     40.000     45.000     50.000     55.000     60.000     65.000     70.000     75.000     80.000     85.000     90.000
            values    -0.1776    -0.1761    -0.1714    -0.1638    -0.1533    -0.1404    -0.1264    -0.1117    -0.0970    -0.0824    -0.0699    -0.0614    -0.0538    -0.0508    -0.0479    -0.0451    -0.0417    -0.0382    -0.0364    -0.0346    -0.0328    -0.0310    -0.0291    -0.0263    -0.0229    -0.0214    -0.0197    -0.0180    -0.0162    -0.0144    -0.0126    -0.0108    -0.0090    -0.0072    -0.0054    -0.0036    -0.0018    -0.0000     0.0018     0.0036     0.0054     0.0072     0.0090     0.0108     0.0126     0.0144     0.0162     0.0180     0.0197     0.0214     0.0229     0.0263     0.0291     0.0310     0.0328     0.0346     0.0364     0.0382     0.0417     0.0451     0.0479     0.0508     0.0538     0.0614     0.0699     0.0824     0.0970     0.1117     0.1264     0.1404     0.1533     0.1638     0.1714     0.1761     0.1776
         mach  0.850
            beta     -90.000    -85.000    -80.000    -75.000    -70.000    -65.000    -60.000    -55.000    -50.000    -45.000    -40.000    -35.000    -30.000    -28.000    -26.000    -24.000    -22.000    -20.000    -19.000    -18.000    -17.000    -16.000    -15.000    -14.000    -13.000    -12.000    -11.000    -10.000     -9.000     -8.000     -7.000     -6.000     -5.000     -4.000     -3.000     -2.000     -1.000      0.000      1.000      2.000      3.000      4.000      5.000      6.000      7.000      8.000      9.000     10.000     11.000     12.000     13.000     14.000     15.000     16.000     17.000     18.000     19.000     20.000     22.000     24.000     26.000     28.000     30.000     35.000     40.000     45.000     50.000     55.000     60.000     65.000     70.000     75.000     80.000     85.000     90.000
            values    -0.1838    -0.1823    -0.1774    -0.1695    -0.1586    -0.1452    -0.1306    -0.1153    -0.1000    -0.0848    -0.0717    -0.0628    -0.0547    -0.0516    -0.0486    -0.0455    -0.0421    -0.0384    -0.0366    -0.0348    -0.0330    -0.0311    -0.0292    -0.0264    -0.0229    -0.0213    -0.0197    -0.0180    -0.0162    -0.0144    -0.0126    -0.0108    -0.0090    -0.0072    -0.0054    -0.0036    -0.0018    -0.0000     0.0018     0.0036     0.0054     0.0072     0.0090     0.0108     0.0126     0.0144     0.0162     0.0180     0.0197     0.0213     0.0229     0.0264     0.0292     0.0311     0.0330     0.0348     0.0366     0.0384     0.0421     0.0455     0.0486     0.0516     0.0547     0.0628     0.0717     0.0848     0.1000     0.1153     0.1306     0.1452     0.1586     0.1695     0.1774     0.1823     0.1838
         mach  0.870
            beta     -90.000    -85.000    -80.000    -75.000    -70.000    -65.000    -60.000    -55.000    -50.000    -45.000    -40.000    -35.000    -30.000    -28.000    -26.000    -24.000    -22.000    -20.000    -19.000    -18.000    -17.000    -16.000    -15.000    -14.000    -13.000    -12.000    -11.000    -10.000     -9.000     -8.000     -7.000     -6.000     -5.000     -4.000     -3.000     -2.000     -1.000      0.000      1.000      2.000      3.000      4.000      5.000      6.000      7.000      8.000      9.000     10.000     11.000     12.000     13.000     14.000     15.000     16.000     17.000     18.000     19.000     20.000     22.000     24.000     26.000     28.000     30.000     35.000     40.000     45.000     50.000     55.000     60.000     65.000     70.000     75.000     80.000     85.000     90.000
            values    -0.1910    -0.1893    -0.1843    -0.1760    -0.1646    -0.1507    -0.1354    -0.1195    -0.1034    -0.0876    -0.0739    -0.0643    -0.0558    -0.0525    -0.0493    -0.0461    -0.0425    -0.0388    -0.0369    -0.0351    -0.0332    -0.0313    -0.0294    -0.0265    -0.0229    -0.0214    -0.0197    -0.0180    -0.0162    -0.0144    -0.0126    -0.0108    -0.0090    -0.0072    -0.0054    -0.0036    -0.0018    -0.0000     0.0018     0.0036     0.0054     0.0072     0.0090     0.0108     0.0126     0.0144     0.0162     0.0180     0.0197     0.0214     0.0229     0.0265     0.0294     0.0313     0.0332     0.0351     0.0369     0.0388     0.0425     0.0461     0.0493     0.0525     0.0558     0.0643     0.0739     0.0876     0.1034     0.1195     0.1354     0.1507     0.1646     0.1760     0.1843     0.1893     0.1910
         mach  0.900
            beta     -90.000    -85.000    -80.000    -75.000    -70.000    -65.000    -60.000    -55.000    -50.000    -45.000    -40.000    -35.000    -30.000    -28.000    -26.000    -24.000    -22.000    -20.000    -19.000    -18.000    -17.000    -16.000    -15.000    -14.000    -13.000    -12.000    -11.000    -10.000     -9.000     -8.000     -7.000     -6.000     -5.000     -4.000     -3.000     -2.000     -1.000      0.000      1.000      2.000      3.000      4.000      5.000      6.000      7.000      8.000      9.000     10.000     11.000     12.000     13.000     14.000     15.000     16.000     17.000     18.000     19.000     20.000     22.000     24.000     26.000     28.000     30.000     35.000     40.000     45.000     50.000     55.000     60.000     65.000     70.000     75.000     80.000     85.000     90.000
            values    -0.2132    -0.2114    -0.2057    -0.1964    -0.1835    -0.1678    -0.1505    -0.1325    -0.1143    -0.0963    -0.0806    -0.0693    -0.0592    -0.0553    -0.0516    -0.0480    -0.0440    -0.0399    -0.0379    -0.0360    -0.0340    -0.0319    -0.0299    -0.0268    -0.0230    -0.0214    -0.0198    -0.0180    -0.0163    -0.0144    -0.0126    -0.0108    -0.0090    -0.0072    -0.0054    -0.0036    -0.0018    -0.0000     0.0018     0.0036     0.0054     0.0072     0.0090     0.0108     0.0126     0.0144     0.0163     0.0180     0.0198     0.0214     0.0230     0.0268     0.0299     0.0319     0.0340     0.0360     0.0379     0.0399     0.0440     0.0480     0.0516     0.0553     0.0592     0.0693     0.0806     0.0963     0.1143     0.1325     0.1505     0.1678     0.1835     0.1964     0.2057     0.2114     0.2132
         mach  0.925
            beta     -90.000    -85.000    -80.000    -75.000    -70.000    -65.000    -60.000    -55.000    -50.000    -45.000    -40.000    -35.000    -30.000    -28.000    -26.000    -24.000    -22.000    -20.000    -19.000    -18.000    -17.000    -16.000    -15.000    -14.000    -13.000    -12.000    -11.000    -10.000     -9.000     -8.000     -7.000     -6.000     -5.000     -4.000     -3.000     -2.000     -1.000      0.000      1.000      2.000      3.000      4.000      5.000      6.000      7.000      8.000      9.000     10.000     11.000     12.000     13.000     14.000     15.000     16.000     17.000     18.000     19.000     20.000     22.000     24.000     26.000     28.000     30.000     35.000     40.000     45.000     50.000     55.000     60.000     65.000     70.000     75.000     80.000     85.000     90.000
            values    -0.2354    -0.2334    -0.2270    -0.2167    -0.2025    -0.1850    -0.1657    -0.1455    -0.1251    -0.1050    -0.0874    -0.0743    -0.0626    -0.0582    -0.0540    -0.0499    -0.0455    -0.0410    -0.0389    -0.0368    -0.0347    -0.0326    -0.0304    -0.0272    -0.0231    -0.0215    -0.0198    -0.0181    -0.0163    -0.0145    -0.0126    -0.0108    -0.0090    -0.0072    -0.0054    -0.0036    -0.0018    -0.0000     0.0018     0.0036     0.0054     0.0072     0.0090     0.0108     0.0126     0.0145     0.0163     0.0181     0.0198     0.0215     0.0231     0.0272     0.0304     0.0326     0.0347     0.0368     0.0389     0.0410     0.0455     0.0499     0.0540     0.0582     0.0626     0.0743     0.0874     0.1050     0.1251     0.1455     0.1657     0.1850     0.2025     0.2167     0.2270     0.2334     0.2354
         mach  0.950
            beta     -90.000    -85.000    -80.000    -75.000    -70.000    -65.000    -60.000    -55.000    -50.000    -45.000    -40.000    -35.000    -30.000    -28.000    -26.000    -24.000    -22.000    -20.000    -19.000    -18.000    -17.000    -16.000    -15.000    -14.000    -13.000    -12.000    -11.000    -10.000     -9.000     -8.000     -7.000     -6.000     -5.000     -4.000     -3.000     -2.000     -1.000      0.000      1.000      2.000      3.000      4.000      5.000      6.000      7.000      8.000      9.000     10.000     11.000     12.000     13.000     14.000     15.000     16.000     17.000     18.000     19.000     20.000     22.000     24.000     26.000     28.000     30.000     35.000     40.000     45.000     50.000     55.000     60.000     65.000     70.000     75.000     80.000     85.000     90.000
            values    -0.2576    -0.2554    -0.2484    -0.2371    -0.2214    -0.2021    -0.1808    -0.1585    -0.1360    -0.1137    -0.0942    -0.0793    -0.0661    -0.0610    -0.0563    -0.0518    -0.0469    -0.0421    -0.0399    -0.0377    -0.0354    -0.0332    -0.0309    -0.0275    -0.0231    -0.0215    -0.0199    -0.0181    -0.0163    -0.0145    -0.0127    -0.0108    -0.0090    -0.0072    -0.0054    -0.0036    -0.0018    -0.0000     0.0018     0.0036     0.0054     0.0072     0.0090     0.0108     0.0127     0.0145     0.0163     0.0181     0.0199     0.0215     0.0231     0.0275     0.0309     0.0332     0.0354     0.0377     0.0399     0.0421     0.0469     0.0518     0.0563     0.0610     0.0661     0.0793     0.0942     0.1137     0.1360     0.1585     0.1808     0.2021     0.2214     0.2371     0.2484     0.2554     0.2576
         mach  0.975
            beta     -90.000    -85.000    -80.000    -75.000    -70.000    -65.000    -60.000    -55.000    -50.000    -45.000    -40.000    -35.000    -30.000    -28.000    -26.000    -24.000    -22.000    -20.000    -19.000    -18.000    -17.000    -16.000    -15.000    -14.000    -13.000    -12.000    -11.000    -10.000     -9.000     -8.000     -7.000     -6.000     -5.000     -4.000     -3.000     -2.000     -1.000      0.000      1.000      2.000      3.000      4.000      5.000      6.000      7.000      8.000      9.000     10.000     11.000     12.000     13.000     14.000     15.000     16.000     17.000     18.000     19.000     20.000     22.000     24.000     26.000     28.000     30.000     35.000     40.000     45.000     50.000     55.000     60.000     65.000     70.000     75.000     80.000     85.000     90.000
            values    -0.2798    -0.2774    -0.2698    -0.2575    -0.2404    -0.2193    -0.1960    -0.1715    -0.1468    -0.1224    -0.1009    -0.0843    -0.0695    -0.0639    -0.0586    -0.0536    -0.0484    -0.0433    -0.0408    -0.0385    -0.0361    -0.0338    -0.0315    -0.0279    -0.0232    -0.0216    -0.0199    -0.0181    -0.0163    -0.0145    -0.0127    -0.0108    -0.0090    -0.0072    -0.0054    -0.0036    -0.0018    -0.0000     0.0018     0.0036     0.0054     0.0072     0.0090     0.0108     0.0127     0.0145     0.0163     0.0181     0.0199     0.0216     0.0232     0.0279     0.0315     0.0338     0.0361     0.0385     0.0408     0.0433     0.0484     0.0536     0.0586     0.0639     0.0695     0.0843     0.1009     0.1224     0.1468     0.1715     0.1960     0.2193     0.2404     0.2575     0.2698     0.2774     0.2798
         mach  1.000
            beta     -90.000    -85.000    -80.000    -75.000    -70.000    -65.000    -60.000    -55.000    -50.000    -45.000    -40.000    -35.000    -30.000    -28.000    -26.000    -24.000    -22.000    -20.000    -19.000    -18.000    -17.000    -16.000    -15.000    -14.000    -13.000    -12.000    -11.000    -10.000     -9.000     -8.000     -7.000     -6.000     -5.000     -4.000     -3.000     -2.000     -1.000      0.000      1.000      2.000      3.000      4.000      5.000      6.000      7.000      8.000      9.000     10.000     11.000     12.000     13.000     14.000     15.000     16.000     17.000     18.000     19.000     20.000     22.000     24.000     26.000     28.000     30.000     35.000     40.000     45.000     50.000     55.000     60.000     65.000     70.000     75.000     80.000     85.000     90.000
            values    -0.3020    -0.2994    -0.2912    -0.2779    -0.2593    -0.2364    -0.2111    -0.1845    -0.1577    -0.1311    -0.1076    -0.0892    -0.0729    -0.0667    -0.0609    -0.0555    -0.0498    -0.0444    -0.0418    -0.0393    -0.0368    -0.0344    -0.0320    -0.0282    -0.0233    -0.0216    -0.0199    -0.0182    -0.0163    -0.0145    -0.0127    -0.0108    -0.0090    -0.0072    -0.0054    -0.0036    -0.0018    -0.0000     0.0018     0.0036     0.0054     0.0072     0.0090     0.0108     0.0127     0.0145     0.0163     0.0182     0.0199     0.0216     0.0233     0.0282     0.0320     0.0344     0.0368     0.0393     0.0418     0.0444     0.0498     0.0555     0.0609     0.0667     0.0729     0.0892     0.1076     0.1311     0.1577     0.1845     0.2111     0.2364     0.2593     0.2779     0.2912     0.2994     0.3020
         mach  1.025
            beta     -90.000    -85.000    -80.000    -75.000    -70.000    -65.000    -60.000    -55.000    -50.000    -45.000    -40.000    -35.000    -30.000    -28.000    -26.000    -24.000    -22.000    -20.000    -19.000    -18.000    -17.000    -16.000    -15.000    -14.000    -13.000    -12.000    -11.000    -10.000     -9.000     -8.000     -7.000     -6.000     -5.000     -4.000     -3.000     -2.000     -1.000      0.000      1.000      2.000      3.000      4.000      5.000      6.000      7.000      8.000      9.000     10.000     11.000     12.000     13.000     14.000     15.000     16.000     17.000     18.000     19.000     20.000     22.000     24.000     26.000     28.000     30.000     35.000     40.000     45.000     50.000     55.000     60.000     65.000     70.000     75.000     80.000     85.000     90.000
            values    -0.3242    -0.3214    -0.3126    -0.2982    -0.2782    -0.2536    -0.2262    -0.1975    -0.1685    -0.1398    -0.1144    -0.0942    -0.0763    -0.0695    -0.0632    -0.0573    -0.0513    -0.0455    -0.0427    -0.0401    -0.0376    -0.0350    -0.0325    -0.0285    -0.0233    -0.0217    -0.0200    -0.0182    -0.0164    -0.0145    -0.0127    -0.0108    -0.0090    -0.0072    -0.0054    -0.0036    -0.0018    -0.0000     0.0018     0.0036     0.0054     0.0072     0.0090     0.0108     0.0127     0.0145     0.0164     0.0182     0.0200     0.0217     0.0233     0.0285     0.0325     0.0350     0.0376     0.0401     0.0427     0.0455     0.0513     0.0573     0.0632     0.0695     0.0763     0.0942     0.1144     0.1398     0.1685     0.1975     0.2262     0.2536     0.2782     0.2982     0.3126     0.3214     0.3242
         mach  1.050
            beta     -90.000    -85.000    -80.000    -75.000    -70.000    -65.000    -60.000    -55.000    -50.000    -45.000    -40.000    -35.000    -30.000    -28.000    -26.000    -24.000    -22.000    -20.000    -19.000    -18.000    -17.000    -16.000    -15.000    -14.000    -13.000    -12.000    -11.000    -10.000     -9.000     -8.000     -7.000     -6.000     -5.000     -4.000     -3.000     -2.000     -1.000      0.000      1.000      2.000      3.000      4.000      5.000      6.000      7.000      8.000      9.000     10.000     11.000     12.000     13.000     14.000     15.000     16.000     17.000     18.000     19.000     20.000     22.000     24.000     26.000     28.000     30.000     35.000     40.000     45.000     50.000     55.000     60.000     65.000     70.000     75.000     80.000     85.000     90.000
            values    -0.3464    -0.3434    -0.3340    -0.3186    -0.2971    -0.2707    -0.2413    -0.2105    -0.1793    -0.1485    -0.1211    -0.0992    -0.0797    -0.0724    -0.0656    -0.0592    -0.0527    -0.0466    -0.0437    -0.0410    -0.0383    -0.0356    -0.0330    -0.0288    -0.0234    -0.0217    -0.0200    -0.0182    -0.0164    -0.0145    -0.0127    -0.0109    -0.0090    -0.0072    -0.0054    -0.0036    -0.0018    -0.0000     0.0018     0.0036     0.0054     0.0072     0.0090     0.0109     0.0127     0.0145     0.0164     0.0182     0.0200     0.0217     0.0234     0.0288     0.0330     0.0356     0.0383     0.0410     0.0437     0.0466     0.0527     0.0592     0.0656     0.0724     0.0797     0.0992     0.1211     0.1485     0.1793     0.2105     0.2413     0.2707     0.2971     0.3186     0.3340     0.3434     0.3464
         mach  1.075
            beta     -90.000    -85.000    -80.000    -75.000    -70.000    -65.000    -60.000    -55.000    -50.000    -45.000    -40.000    -35.000    -30.000    -28.000    -26.000    -24.000    -22.000    -20.000    -19.000    -18.000    -17.000    -16.000    -15.000    -14.000    -13.000    -12.000    -11.000    -10.000     -9.000     -8.000     -7.000     -6.000     -5.000     -4.000     -3.000     -2.000     -1.000      0.000      1.000      2.000      3.000      4.000      5.000      6.000      7.000      8.000      9.000     10.000     11.000     12.000     13.000     14.000     15.000     16.000     17.000     18.000     19.000     20.000     22.000     24.000     26.000     28.000     30.000     35.000     40.000     45.000     50.000     55.000     60.000     65.000     70.000     75.000     80.000     85.000     90.000
            values    -0.3619    -0.3588    -0.3490    -0.3329    -0.3104    -0.2827    -0.2519    -0.2196    -0.1869    -0.1546    -0.1258    -0.1027    -0.0820    -0.0744    -0.0672    -0.0605    -0.0537    -0.0473    -0.0444    -0.0416    -0.0388    -0.0360    -0.0334    -0.0291    -0.0234    -0.0218    -0.0200    -0.0182    -0.0164    -0.0145    -0.0127    -0.0109    -0.0090    -0.0072    -0.0054    -0.0036    -0.0018    -0.0000     0.0018     0.0036     0.0054     0.0072     0.0090     0.0109     0.0127     0.0145     0.0164     0.0182     0.0200     0.0218     0.0234     0.0291     0.0334     0.0360     0.0388     0.0416     0.0444     0.0473     0.0537     0.0605     0.0672     0.0744     0.0820     0.1027     0.1258     0.1546     0.1869     0.2196     0.2519     0.2827     0.3104     0.3329     0.3490     0.3588     0.3619
         mach  1.100
            beta     -90.000    -85.000    -80.000    -75.000    -70.000    -65.000    -60.000    -55.000    -50.000    -45.000    -40.000    -35.000    -30.000    -28.000    -26.000    -24.000    -22.000    -20.000    -19.000    -18.000    -17.000    -16.000    -15.000    -14.000    -13.000    -12.000    -11.000    -10.000     -9.000     -8.000     -7.000     -6.000     -5.000     -4.000     -3.000     -2.000     -1.000      0.000      1.000      2.000      3.000      4.000      5.000      6.000      7.000      8.000      9.000     10.000     11.000     12.000     13.000     14.000     15.000     16.000     17.000     18.000     19.000     20.000     22.000     24.000     26.000     28.000     30.000     35.000     40.000     45.000     50.000     55.000     60.000     65.000     70.000     75.000     80.000     85.000     90.000
            values    -0.3677    -0.3646    -0.3546    -0.3381    -0.3153    -0.2871    -0.2559    -0.2229    -0.1897    -0.1568    -0.1275    -0.1039    -0.0829    -0.0751    -0.0678    -0.0609    -0.0541    -0.0476    -0.0446    -0.0418    -0.0389    -0.0362    -0.0335    -0.0291    -0.0234    -0.0218    -0.0200    -0.0182    -0.0164    -0.0145    -0.0127    -0.0108    -0.0090    -0.0072    -0.0054    -0.0036    -0.0018    -0.0000     0.0018     0.0036     0.0054     0.0072     0.0090     0.0108     0.0127     0.0145     0.0164     0.0182     0.0200     0.0218     0.0234     0.0291     0.0335     0.0362     0.0389     0.0418     0.0446     0.0476     0.0541     0.0609     0.0678     0.0751     0.0829     0.1039     0.1275     0.1568     0.1897     0.2229     0.2559     0.2871     0.3153     0.3381     0.3546     0.3646     0.3677
         mach  1.150
            beta     -90.000    -85.000    -80.000    -75.000    -70.000    -65.000    -60.000    -55.000    -50.000    -45.000    -40.000    -35.000    -30.000    -28.000    -26.000    -24.000    -22.000    -20.000    -19.000    -18.000    -17.000    -16.000    -15.000    -14.000    -13.000    -12.000    -11.000    -10.000     -9.000     -8.000     -7.000     -6.000     -5.000     -4.000     -3.000     -2.000     -1.000      0.000      1.000      2.000      3.000      4.000      5.000      6.000      7.000      8.000      9.000     10.000     11.000     12.000     13.000     14.000     15.000     16.000     17.000     18.000     19.000     20.000     22.000     24.000     26.000     28.000     30.000     35.000     40.000     45.000     50.000     55.000     60.000     65.000     70.000     75.000     80.000     85.000     90.000
            values    -0.3570    -0.3540    -0.3443    -0.3283    -0.3062    -0.2789    -0.2485    -0.2166    -0.1844    -0.1525    -0.1242    -0.1014    -0.0811    -0.0736    -0.0665    -0.0599    -0.0533    -0.0470    -0.0440    -0.0413    -0.0385    -0.0358    -0.0331    -0.0289    -0.0233    -0.0217    -0.0199    -0.0182    -0.0163    -0.0145    -0.0126    -0.0108    -0.0090    -0.0072    -0.0054    -0.0036    -0.0018    -0.0000     0.0018     0.0036     0.0054     0.0072     0.0090     0.0108     0.0126     0.0145     0.0163     0.0182     0.0199     0.0217     0.0233     0.0289     0.0331     0.0358     0.0385     0.0413     0.0440     0.0470     0.0533     0.0599     0.0665     0.0736     0.0811     0.1014     0.1242     0.1525     0.1844     0.2166     0.2485     0.2789     0.3062     0.3283     0.3443     0.3540     0.3570
         mach  1.200
            beta     -90.000    -85.000    -80.000    -75.000    -70.000    -65.000    -60.000    -55.000    -50.000    -45.000    -40.000    -35.000    -30.000    -28.000    -26.000    -24.000    -22.000    -20.000    -19.000    -18.000    -17.000    -16.000    -15.000    -14.000    -13.000    -12.000    -11.000    -10.000     -9.000     -8.000     -7.000     -6.000     -5.000     -4.000     -3.000     -2.000     -1.000      0.000      1.000      2.000      3.000      4.000      5.000      6.000      7.000      8.000      9.000     10.000     11.000     12.000     13.000     14.000     15.000     16.000     17.000     18.000     19.000     20.000     22.000     24.000     26.000     28.000     30.000     35.000     40.000     45.000     50.000     55.000     60.000     65.000     70.000     75.000     80.000     85.000     90.000
            values    -0.3553    -0.3522    -0.3426    -0.3267    -0.3047    -0.2775    -0.2473    -0.2155    -0.1835    -0.1518    -0.1236    -0.1009    -0.0808    -0.0733    -0.0663    -0.0597    -0.0531    -0.0468    -0.0439    -0.0412    -0.0384    -0.0357    -0.0331    -0.0288    -0.0233    -0.0216    -0.0199    -0.0181    -0.0163    -0.0144    -0.0126    -0.0108    -0.0090    -0.0072    -0.0054    -0.0036    -0.0018    -0.0000     0.0018     0.0036     0.0054     0.0072     0.0090     0.0108     0.0126     0.0144     0.0163     0.0181     0.0199     0.0216     0.0233     0.0288     0.0331     0.0357     0.0384     0.0412     0.0439     0.0468     0.0531     0.0597     0.0663     0.0733     0.0808     0.1009     0.1236     0.1518     0.1835     0.2155     0.2473     0.2775     0.3047     0.3267     0.3426     0.3522     0.3553
         mach  1.250
            beta     -90.000    -85.000    -80.000    -75.000    -70.000    -65.000    -60.000    -55.000    -50.000    -45.000    -40.000    -35.000    -30.000    -28.000    -26.000    -24.000    -22.000    -20.000    -19.000    -18.000    -17.000    -16.000    -15.000    -14.000    -13.000    -12.000    -11.000    -10.000     -9.000     -8.000     -7.000     -6.000     -5.000     -4.000     -3.000     -2.000     -1.000      0.000      1.000      2.000      3.000      4.000      5.000      6.000      7.000      8.000      9.000     10.000     11.000     12.000     13.000     14.000     15.000     16.000     17.000     18.000     19.000     20.000     22.000     24.000     26.000     28.000     30.000     35.000     40.000     45.000     50.000     55.000     60.000     65.000     70.000     75.000     80.000     85.000     90.000
            values    -0.3553    -0.3522    -0.3426    -0.3267    -0.3047    -0.2775    -0.2473    -0.2155    -0.1835    -0.1518    -0.1236    -0.1009    -0.0808    -0.0733    -0.0663    -0.0597    -0.0531    -0.0468    -0.0439    -0.0411    -0.0384    -0.0357    -0.0331    -0.0288    -0.0233    -0.0216    -0.0199    -0.0181    -0.0163    -0.0144    -0.0126    -0.0108    -0.0090    -0.0072    -0.0054    -0.0036    -0.0018    -0.0000     0.0018     0.0036     0.0054     0.0072     0.0090     0.0108     0.0126     0.0144     0.0163     0.0181     0.0199     0.0216     0.0233     0.0288     0.0331     0.0357     0.0384     0.0411     0.0439     0.0468     0.0531     0.0597     0.0663     0.0733     0.0808     0.1009     0.1236     0.1518     0.1835     0.2155     0.2473     0.2775     0.3047     0.3267     0.3426     0.3522     0.3553
         mach  1.300
            beta     -90.000    -85.000    -80.000    -75.000    -70.000    -65.000    -60.000    -55.000    -50.000    -45.000    -40.000    -35.000    -30.000    -28.000    -26.000    -24.000    -22.000    -20.000    -19.000    -18.000    -17.000    -16.000    -15.000    -14.000    -13.000    -12.000    -11.000    -10.000     -9.000     -8.000     -7.000     -6.000     -5.000     -4.000     -3.000     -2.000     -1.000      0.000      1.000      2.000      3.000      4.000      5.000      6.000      7.000      8.000      9.000     10.000     11.000     12.000     13.000     14.000     15.000     16.000     17.000     18.000     19.000     20.000     22.000     24.000     26.000     28.000     30.000     35.000     40.000     45.000     50.000     55.000     60.000     65.000     70.000     75.000     80.000     85.000     90.000
            values    -0.3553    -0.3522    -0.3426    -0.3267    -0.3047    -0.2775    -0.2473    -0.2155    -0.1835    -0.1518    -0.1236    -0.1009    -0.0808    -0.0733    -0.0663    -0.0597    -0.0531    -0.0468    -0.0439    -0.0412    -0.0384    -0.0357    -0.0331    -0.0288    -0.0233    -0.0216    -0.0199    -0.0181    -0.0163    -0.0144    -0.0126    -0.0108    -0.0090    -0.0072    -0.0054    -0.0036    -0.0018    -0.0000     0.0018     0.0036     0.0054     0.0072     0.0090     0.0108     0.0126     0.0144     0.0163     0.0181     0.0199     0.0216     0.0233     0.0288     0.0331     0.0357     0.0384     0.0412     0.0439     0.0468     0.0531     0.0597     0.0663     0.0733     0.0808     0.1009     0.1236     0.1518     0.1835     0.2155     0.2473     0.2775     0.3047     0.3267     0.3426     0.3522     0.3553
         mach  1.400
            beta     -90.000    -85.000    -80.000    -75.000    -70.000    -65.000    -60.000    -55.000    -50.000    -45.000    -40.000    -35.000    -30.000    -28.000    -26.000    -24.000    -22.000    -20.000    -19.000    -18.000    -17.000    -16.000    -15.000    -14.000    -13.000    -12.000    -11.000    -10.000     -9.000     -8.000     -7.000     -6.000     -5.000     -4.000     -3.000     -2.000     -1.000      0.000      1.000      2.000      3.000      4.000      5.000      6.000      7.000      8.000      9.000     10.000     11.000     12.000     13.000     14.000     15.000     16.000     17.000     18.000     19.000     20.000     22.000     24.000     26.000     28.000     30.000     35.000     40.000     45.000     50.000     55.000     60.000     65.000     70.000     75.000     80.000     85.000     90.000
            values    -0.3553    -0.3522    -0.3426    -0.3267    -0.3047    -0.2775    -0.2473    -0.2156    -0.1835    -0.1518    -0.1236    -0.1010    -0.0809    -0.0733    -0.0663    -0.0598    -0.0532    -0.0469    -0.0439    -0.0412    -0.0385    -0.0357    -0.0331    -0.0289    -0.0233    -0.0217    -0.0199    -0.0182    -0.0163    -0.0145    -0.0126    -0.0108    -0.0090    -0.0072    -0.0054    -0.0036    -0.0018    -0.0000     0.0018     0.0036     0.0054     0.0072     0.0090     0.0108     0.0126     0.0145     0.0163     0.0182     0.0199     0.0217     0.0233     0.0289     0.0331     0.0357     0.0385     0.0412     0.0439     0.0469     0.0532     0.0598     0.0663     0.0733     0.0809     0.1010     0.1236     0.1518     0.1835     0.2156     0.2473     0.2775     0.3047     0.3267     0.3426     0.3522     0.3553
         mach  1.500
            beta     -90.000    -85.000    -80.000    -75.000    -70.000    -65.000    -60.000    -55.000    -50.000    -45.000    -40.000    -35.000    -30.000    -28.000    -26.000    -24.000    -22.000    -20.000    -19.000    -18.000    -17.000    -16.000    -15.000    -14.000    -13.000    -12.000    -11.000    -10.000     -9.000     -8.000     -7.000     -6.000     -5.000     -4.000     -3.000     -2.000     -1.000      0.000      1.000      2.000      3.000      4.000      5.000      6.000      7.000      8.000      9.000     10.000     11.000     12.000     13.000     14.000     15.000     16.000     17.000     18.000     19.000     20.000     22.000     24.000     26.000     28.000     30.000     35.000     40.000     45.000     50.000     55.000     60.000     65.000     70.000     75.000     80.000     85.000     90.000
            values    -0.3553    -0.3522    -0.3426    -0.3267    -0.3047    -0.2775    -0.2474    -0.2156    -0.1836    -0.1519    -0.1237    -0.1011    -0.0809    -0.0734    -0.0664    -0.0599    -0.0532    -0.0469    -0.0440    -0.0413    -0.0385    -0.0358    -0.0331    -0.0289    -0.0234    -0.0217    -0.0200    -0.0182    -0.0163    -0.0145    -0.0127    -0.0108    -0.0090    -0.0072    -0.0054    -0.0036    -0.0018    -0.0000     0.0018     0.0036     0.0054     0.0072     0.0090     0.0108     0.0127     0.0145     0.0163     0.0182     0.0200     0.0217     0.0234     0.0289     0.0331     0.0358     0.0385     0.0413     0.0440     0.0469     0.0532     0.0599     0.0664     0.0734     0.0809     0.1011     0.1237     0.1519     0.1836     0.2156     0.2474     0.2775     0.3047     0.3267     0.3426     0.3522     0.3553
         mach  1.600
            beta     -90.000    -85.000    -80.000    -75.000    -70.000    -65.000    -60.000    -55.000    -50.000    -45.000    -40.000    -35.000    -30.000    -28.000    -26.000    -24.000    -22.000    -20.000    -19.000    -18.000    -17.000    -16.000    -15.000    -14.000    -13.000    -12.000    -11.000    -10.000     -9.000     -8.000     -7.000     -6.000     -5.000     -4.000     -3.000     -2.000     -1.000      0.000      1.000      2.000      3.000      4.000      5.000      6.000      7.000      8.000      9.000     10.000     11.000     12.000     13.000     14.000     15.000     16.000     17.000     18.000     19.000     20.000     22.000     24.000     26.000     28.000     30.000     35.000     40.000     45.000     50.000     55.000     60.000     65.000     70.000     75.000     80.000     85.000     90.000
            values    -0.3553    -0.3522    -0.3426    -0.3267    -0.3047    -0.2776    -0.2474    -0.2157    -0.1837    -0.1520    -0.1238    -0.1012    -0.0810    -0.0735    -0.0665    -0.0599    -0.0533    -0.0470    -0.0441    -0.0413    -0.0386    -0.0359    -0.0332    -0.0290    -0.0234    -0.0217    -0.0200    -0.0182    -0.0164    -0.0145    -0.0127    -0.0109    -0.0090    -0.0072    -0.0054    -0.0036    -0.0018    -0.0000     0.0018     0.0036     0.0054     0.0072     0.0090     0.0109     0.0127     0.0145     0.0164     0.0182     0.0200     0.0217     0.0234     0.0290     0.0332     0.0359     0.0386     0.0413     0.0441     0.0470     0.0533     0.0599     0.0665     0.0735     0.0810     0.1012     0.1238     0.1520     0.1837     0.2157     0.2474     0.2776     0.3047     0.3267     0.3426     0.3522     0.3553
         mach  1.800
            beta     -90.000    -85.000    -80.000    -75.000    -70.000    -65.000    -60.000    -55.000    -50.000    -45.000    -40.000    -35.000    -30.000    -28.000    -26.000    -24.000    -22.000    -20.000    -19.000    -18.000    -17.000    -16.000    -15.000    -14.000    -13.000    -12.000    -11.000    -10.000     -9.000     -8.000     -7.000     -6.000     -5.000     -4.000     -3.000     -2.000     -1.000      0.000      1.000      2.000      3.000      4.000      5.000      6.000      7.000      8.000      9.000     10.000     11.000     12.000     13.000     14.000     15.000     16.000     17.000     18.000     19.000     20.000     22.000     24.000     26.000     28.000     30.000     35.000     40.000     45.000     50.000     55.000     60.000     65.000     70.000     75.000     80.000     85.000     90.000
            values    -0.3553    -0.3522    -0.3426    -0.3268    -0.3048    -0.2776    -0.2475    -0.2158    -0.1838    -0.1522    -0.1240    -0.1014    -0.0812    -0.0737    -0.0667    -0.0601    -0.0535    -0.0472    -0.0442    -0.0415    -0.0387    -0.0360    -0.0333    -0.0291    -0.0235    -0.0218    -0.0201    -0.0183    -0.0165    -0.0146    -0.0127    -0.0109    -0.0091    -0.0072    -0.0054    -0.0036    -0.0018    -0.0000     0.0018     0.0036     0.0054     0.0072     0.0091     0.0109     0.0127     0.0146     0.0165     0.0183     0.0201     0.0218     0.0235     0.0291     0.0333     0.0360     0.0387     0.0415     0.0442     0.0472     0.0535     0.0601     0.0667     0.0737     0.0812     0.1014     0.1240     0.1522     0.1838     0.2158     0.2475     0.2776     0.3048     0.3268     0.3426     0.3522     0.3553
         mach  2.000
            beta     -90.000    -85.000    -80.000    -75.000    -70.000    -65.000    -60.000    -55.000    -50.000    -45.000    -40.000    -35.000    -30.000    -28.000    -26.000    -24.000    -22.000    -20.000    -19.000    -18.000    -17.000    -16.000    -15.000    -14.000    -13.000    -12.000    -11.000    -10.000     -9.000     -8.000     -7.000     -6.000     -5.000     -4.000     -3.000     -2.000     -1.000      0.000      1.000      2.000      3.000      4.000      5.000      6.000      7.000      8.000      9.000     10.000     11.000     12.000     13.000     14.000     15.000     16.000     17.000     18.000     19.000     20.000     22.000     24.000     26.000     28.000     30.000     35.000     40.000     45.000     50.000     55.000     60.000     65.000     70.000     75.000     80.000     85.000     90.000
            values    -0.3553    -0.3522    -0.3426    -0.3268    -0.3048    -0.2777    -0.2476    -0.2159    -0.1839    -0.1523    -0.1241    -0.1015    -0.0814    -0.0738    -0.0668    -0.0602    -0.0536    -0.0473    -0.0443    -0.0416    -0.0388    -0.0361    -0.0334    -0.0292    -0.0236    -0.0219    -0.0202    -0.0184    -0.0165    -0.0146    -0.0128    -0.0109    -0.0091    -0.0073    -0.0055    -0.0036    -0.0018    -0.0000     0.0018     0.0036     0.0055     0.0073     0.0091     0.0109     0.0128     0.0146     0.0165     0.0184     0.0202     0.0219     0.0236     0.0292     0.0334     0.0361     0.0388     0.0416     0.0443     0.0473     0.0536     0.0602     0.0668     0.0738     0.0814     0.1015     0.1241     0.1523     0.1839     0.2159     0.2476     0.2777     0.3048     0.3268     0.3426     0.3522     0.3553
         mach  2.200
            beta     -90.000    -85.000    -80.000    -75.000    -70.000    -65.000    -60.000    -55.000    -50.000    -45.000    -40.000    -35.000    -30.000    -28.000    -26.000    -24.000    -22.000    -20.000    -19.000    -18.000    -17.000    -16.000    -15.000    -14.000    -13.000    -12.000    -11.000    -10.000     -9.000     -8.000     -7.000     -6.000     -5.000     -4.000     -3.000     -2.000     -1.000      0.000      1.000      2.000      3.000      4.000      5.000      6.000      7.000      8.000      9.000     10.000     11.000     12.000     13.000     14.000     15.000     16.000     17.000     18.000     19.000     20.000     22.000     24.000     26.000     28.000     30.000     35.000     40.000     45.000     50.000     55.000     60.000     65.000     70.000     75.000     80.000     85.000     90.000
            values    -0.3553    -0.3522    -0.3426    -0.3268    -0.3049    -0.2777    -0.2477    -0.2160    -0.1840    -0.1524    -0.1243    -0.1016    -0.0815    -0.0739    -0.0669    -0.0603    -0.0537    -0.0474    -0.0444    -0.0417    -0.0389    -0.0362    -0.0335    -0.0292    -0.0237    -0.0220    -0.0202    -0.0184    -0.0166    -0.0147    -0.0128    -0.0110    -0.0091    -0.0073    -0.0055    -0.0036    -0.0018    -0.0000     0.0018     0.0036     0.0055     0.0073     0.0091     0.0110     0.0128     0.0147     0.0166     0.0184     0.0202     0.0220     0.0237     0.0292     0.0335     0.0362     0.0389     0.0417     0.0444     0.0474     0.0537     0.0603     0.0669     0.0739     0.0815     0.1016     0.1243     0.1524     0.1840     0.2160     0.2477     0.2777     0.3049     0.3268     0.3426     0.3522     0.3553
         mach  2.500
            beta     -90.000    -85.000    -80.000    -75.000    -70.000    -65.000    -60.000    -55.000    -50.000    -45.000    -40.000    -35.000    -30.000    -28.000    -26.000    -24.000    -22.000    -20.000    -19.000    -18.000    -17.000    -16.000    -15.000    -14.000    -13.000    -12.000    -11.000    -10.000     -9.000     -8.000     -7.000     -6.000     -5.000     -4.000     -3.000     -2.000     -1.000      0.000      1.000      2.000      3.000      4.000      5.000      6.000      7.000      8.000      9.000     10.000     11.000     12.000     13.000     14.000     15.000     16.000     17.000     18.000     19.000     20.000     22.000     24.000     26.000     28.000     30.000     35.000     40.000     45.000     50.000     55.000     60.000     65.000     70.000     75.000     80.000     85.000     90.000
            values    -0.3553    -0.3522    -0.3426    -0.3268    -0.3049    -0.2778    -0.2477    -0.2161    -0.1842    -0.1525    -0.1244    -0.1018    -0.0816    -0.0741    -0.0671    -0.0605    -0.0538    -0.0475    -0.0445    -0.0418    -0.0390    -0.0363    -0.0336    -0.0293    -0.0237    -0.0221    -0.0203    -0.0185    -0.0166    -0.0147    -0.0129    -0.0110    -0.0092    -0.0073    -0.0055    -0.0037    -0.0018    -0.0000     0.0018     0.0037     0.0055     0.0073     0.0092     0.0110     0.0129     0.0147     0.0166     0.0185     0.0203     0.0221     0.0237     0.0293     0.0336     0.0363     0.0390     0.0418     0.0445     0.0475     0.0538     0.0605     0.0671     0.0741     0.0816     0.1018     0.1244     0.1525     0.1842     0.2161     0.2477     0.2778     0.3049     0.3268     0.3426     0.3522     0.3553
         mach  3.000
            beta     -90.000    -85.000    -80.000    -75.000    -70.000    -65.000    -60.000    -55.000    -50.000    -45.000    -40.000    -35.000    -30.000    -28.000    -26.000    -24.000    -22.000    -20.000    -19.000    -18.000    -17.000    -16.000    -15.000    -14.000    -13.000    -12.000    -11.000    -10.000     -9.000     -8.000     -7.000     -6.000     -5.000     -4.000     -3.000     -2.000     -1.000      0.000      1.000      2.000      3.000      4.000      5.000      6.000      7.000      8.000      9.000     10.000     11.000     12.000     13.000     14.000     15.000     16.000     17.000     18.000     19.000     20.000     22.000     24.000     26.000     28.000     30.000     35.000     40.000     45.000     50.000     55.000     60.000     65.000     70.000     75.000     80.000     85.000     90.000
            values    -0.3553    -0.3523    -0.3426    -0.3269    -0.3049    -0.2779    -0.2478    -0.2162    -0.1843    -0.1527    -0.1245    -0.1019    -0.0818    -0.0742    -0.0672    -0.0606    -0.0539    -0.0476    -0.0446    -0.0419    -0.0391    -0.0364    -0.0337    -0.0294    -0.0238    -0.0221    -0.0204    -0.0186    -0.0167    -0.0148    -0.0129    -0.0111    -0.0092    -0.0073    -0.0055    -0.0037    -0.0018    -0.0000     0.0018     0.0037     0.0055     0.0073     0.0092     0.0111     0.0129     0.0148     0.0167     0.0186     0.0204     0.0221     0.0238     0.0294     0.0337     0.0364     0.0391     0.0419     0.0446     0.0476     0.0539     0.0606     0.0672     0.0742     0.0818     0.1019     0.1245     0.1527     0.1843     0.2162     0.2478     0.2779     0.3049     0.3269     0.3426     0.3523     0.3553
         mach  4.000
            beta     -90.000    -85.000    -80.000    -75.000    -70.000    -65.000    -60.000    -55.000    -50.000    -45.000    -40.000    -35.000    -30.000    -28.000    -26.000    -24.000    -22.000    -20.000    -19.000    -18.000    -17.000    -16.000    -15.000    -14.000    -13.000    -12.000    -11.000    -10.000     -9.000     -8.000     -7.000     -6.000     -5.000     -4.000     -3.000     -2.000     -1.000      0.000      1.000      2.000      3.000      4.000      5.000      6.000      7.000      8.000      9.000     10.000     11.000     12.000     13.000     14.000     15.000     16.000     17.000     18.000     19.000     20.000     22.000     24.000     26.000     28.000     30.000     35.000     40.000     45.000     50.000     55.000     60.000     65.000     70.000     75.000     80.000     85.000     90.000
            values    -0.3553    -0.3523    -0.3427    -0.3269    -0.3050    -0.2779    -0.2479    -0.2163    -0.1844    -0.1528    -0.1247    -0.1021    -0.0819    -0.0744    -0.0674    -0.0607    -0.0541    -0.0477    -0.0448    -0.0420    -0.0392    -0.0365    -0.0338    -0.0295    -0.0239    -0.0222    -0.0205    -0.0186    -0.0167    -0.0149    -0.0130    -0.0111    -0.0092    -0.0074    -0.0055    -0.0037    -0.0018    -0.0000     0.0018     0.0037     0.0055     0.0074     0.0092     0.0111     0.0130     0.0149     0.0167     0.0186     0.0205     0.0222     0.0239     0.0295     0.0338     0.0365     0.0392     0.0420     0.0448     0.0477     0.0541     0.0607     0.0674     0.0744     0.0819     0.1021     0.1247     0.1528     0.1844     0.2163     0.2479     0.2779     0.3050     0.3269     0.3427     0.3523     0.3553
         mach  5.000
            beta     -90.000    -85.000    -80.000    -75.000    -70.000    -65.000    -60.000    -55.000    -50.000    -45.000    -40.000    -35.000    -30.000    -28.000    -26.000    -24.000    -22.000    -20.000    -19.000    -18.000    -17.000    -16.000    -15.000    -14.000    -13.000    -12.000    -11.000    -10.000     -9.000     -8.000     -7.000     -6.000     -5.000     -4.000     -3.000     -2.000     -1.000      0.000      1.000      2.000      3.000      4.000      5.000      6.000      7.000      8.000      9.000     10.000     11.000     12.000     13.000     14.000     15.000     16.000     17.000     18.000     19.000     20.000     22.000     24.000     26.000     28.000     30.000     35.000     40.000     45.000     50.000     55.000     60.000     65.000     70.000     75.000     80.000     85.000     90.000
            values    -0.3553    -0.3523    -0.3427    -0.3269    -0.3050    -0.2780    -0.2480    -0.2164    -0.1845    -0.1529    -0.1248    -0.1022    -0.0820    -0.0745    -0.0674    -0.0608    -0.0541    -0.0478    -0.0448    -0.0421    -0.0393    -0.0365    -0.0338    -0.0296    -0.0240    -0.0223    -0.0205    -0.0187    -0.0168    -0.0149    -0.0130    -0.0111    -0.0093    -0.0074    -0.0055    -0.0037    -0.0018    -0.0000     0.0018     0.0037     0.0055     0.0074     0.0093     0.0111     0.0130     0.0149     0.0168     0.0187     0.0205     0.0223     0.0240     0.0296     0.0338     0.0365     0.0393     0.0421     0.0448     0.0478     0.0541     0.0608     0.0674     0.0745     0.0820     0.1022     0.1248     0.1529     0.1845     0.2164     0.2480     0.2780     0.3050     0.3269     0.3427     0.3523     0.3553
         mach  6.000
            beta     -90.000    -85.000    -80.000    -75.000    -70.000    -65.000    -60.000    -55.000    -50.000    -45.000    -40.000    -35.000    -30.000    -28.000    -26.000    -24.000    -22.000    -20.000    -19.000    -18.000    -17.000    -16.000    -15.000    -14.000    -13.000    -12.000    -11.000    -10.000     -9.000     -8.000     -7.000     -6.000     -5.000     -4.000     -3.000     -2.000     -1.000      0.000      1.000      2.000      3.000      4.000      5.000      6.000      7.000      8.000      9.000     10.000     11.000     12.000     13.000     14.000     15.000     16.000     17.000     18.000     19.000     20.000     22.000     24.000     26.000     28.000     30.000     35.000     40.000     45.000     50.000     55.000     60.000     65.000     70.000     75.000     80.000     85.000     90.000
            values    -0.3553    -0.3523    -0.3427    -0.3269    -0.3050    -0.2780    -0.2480    -0.2164    -0.1845    -0.1530    -0.1249    -0.1022    -0.0821    -0.0745    -0.0675    -0.0609    -0.0542    -0.0478    -0.0449    -0.0421    -0.0393    -0.0366    -0.0339    -0.0296    -0.0240    -0.0223    -0.0205    -0.0187    -0.0168    -0.0149    -0.0130    -0.0111    -0.0093    -0.0074    -0.0056    -0.0037    -0.0018    -0.0000     0.0018     0.0037     0.0056     0.0074     0.0093     0.0111     0.0130     0.0149     0.0168     0.0187     0.0205     0.0223     0.0240     0.0296     0.0339     0.0366     0.0393     0.0421     0.0449     0.0478     0.0542     0.0609     0.0675     0.0745     0.0821     0.1022     0.1249     0.1530     0.1845     0.2164     0.2480     0.2780     0.3050     0.3269     0.3427     0.3523     0.3553
      end_irregular_table